  2.000000000000000E-003  2.000000000000000E-003  -2.09958896153982     
  2.000000000000000E-003  0.298270416666667       -1.95736300635430     
  2.000000000000000E-003  0.594540833333333       -1.69804935332113     
  2.000000000000000E-003  0.890811250000000       -1.33291658990278     
  2.000000000000000E-003   1.18708166666667       -1.02352699276354     
  2.000000000000000E-003   1.48335208333333      -0.802045622222717     
  2.000000000000000E-003   1.77962250000000      -0.646720027257308     
  2.000000000000000E-003   2.07589291666667      -0.535712061233845     
  2.000000000000000E-003   2.37216333333333      -0.454753727375866     
  2.000000000000000E-003   2.66843375000000      -0.394672723574880     
  2.000000000000000E-003   2.96470416666667      -0.349521021682465     
  2.000000000000000E-003   3.26097458333333      -0.314933591485290     
  2.000000000000000E-003   3.55724500000000      -0.287606657132725     
  2.000000000000000E-003   3.85351541666667      -0.265220385002642     
  2.000000000000000E-003   4.14978583333333      -0.246327053200923     
  2.000000000000000E-003   4.44605625000000      -0.230129282861456     
  2.000000000000000E-003   4.74232666666667      -0.216186917500850     
  2.000000000000000E-003   5.03859708333333      -0.204158837364993     
  2.000000000000000E-003   5.33486750000000      -0.193666517053000     
  2.000000000000000E-003   5.63113791666667      -0.184395676820426     
  2.000000000000000E-003   5.92740833333333      -0.176046824434228     
  2.000000000000000E-003   6.22367875000000      -0.168450567172536     
  2.000000000000000E-003   6.51994916666667      -0.162262942767326     
  2.000000000000000E-003   6.81621958333333      -0.159218922772971     
  2.000000000000000E-003   7.11249000000000      -0.155150968921380     
  0.298270416666667       2.000000000000000E-003  -1.95736282632893     
  0.298270416666667       0.298270416666667       -1.85835281196049     
  0.298270416666667       0.594540833333333       -1.60106245100689     
  0.298270416666667       0.890811250000000       -1.27028971301720     
  0.298270416666667        1.18708166666667      -0.988891692167155     
  0.298270416666667        1.48335208333333      -0.782686196555848     
  0.298270416666667        1.77962250000000      -0.635305564266315     
  0.298270416666667        2.07589291666667      -0.528589363711805     
  0.298270416666667        2.37216333333333      -0.450068519234485     
  0.298270416666667        2.66843375000000      -0.391467659101921     
  0.298270416666667        2.96470416666667      -0.347259279206699     
  0.298270416666667        3.26097458333333      -0.313287607855885     
  0.298270416666667        3.55724500000000      -0.286370307146668     
  0.298270416666667        3.85351541666667      -0.264262280732035     
  0.298270416666667        4.14978583333333      -0.245565102500390     
  0.298270416666667        4.44605625000000      -0.229510403830029     
  0.298270416666667        4.74232666666667      -0.215673856429292     
  0.298270416666667        5.03859708333333      -0.203729171208653     
  0.298270416666667        5.33486750000000      -0.193321642563919     
  0.298270416666667        5.63113791666667      -0.184178569090731     
  0.298270416666667        5.92740833333333      -0.176093656628482     
  0.298270416666667        6.22367875000000      -0.169080060876636     
  0.298270416666667        6.51994916666667      -0.163819473312408     
  0.298270416666667        6.81621958333333      -0.160805414024491     
  0.298270416666667        7.11249000000000      -0.156120471586189     
  0.594540833333333       2.000000000000000E-003  -1.69804930497283     
  0.594540833333333       0.298270416666667       -1.60106230275277     
  0.594540833333333       0.594540833333333       -1.37577798374555     
  0.594540833333333       0.890811250000000       -1.12173839640111     
  0.594540833333333        1.18708166666667      -0.901769801794024     
  0.594540833333333        1.48335208333333      -0.731684162042702     
  0.594540833333333        1.77962250000000      -0.604253751978344     
  0.594540833333333        2.07589291666667      -0.508787374509289     
  0.594540833333333        2.37216333333333      -0.436901761241528     
  0.594540833333333        2.66843375000000      -0.382411437504546     
  0.594540833333333        2.96470416666667      -0.340854170237519     
  0.594540833333333        3.26097458333333      -0.308621083139303     
  0.594540833333333        3.55724500000000      -0.282863393798807     
  0.594540833333333        3.85351541666667      -0.261547349362136     
  0.594540833333333        4.14978583333333      -0.243409287216672     
  0.594540833333333        4.44605625000000      -0.227760118011933     
  0.594540833333333        4.74232666666667      -0.214220549269749     
  0.594540833333333        5.03859708333333      -0.202500999423483     
  0.594540833333333        5.33486750000000      -0.192305039336968     
  0.594540833333333        5.63113791666667      -0.183425720760802     
  0.594540833333333        5.92740833333333      -0.175773429952623     
  0.594540833333333        6.22367875000000      -0.169438338995163     
  0.594540833333333        6.51994916666667      -0.164594579836950     
  0.594540833333333        6.81621958333333      -0.160441448776454     
  0.594540833333333        7.11249000000000      -0.155140070754998     
  0.890811250000000       2.000000000000000E-003  -1.33291649166962     
  0.890811250000000       0.298270416666667       -1.27028952346055     
  0.890811250000000       0.594540833333333       -1.12173827968717     
  0.890811250000000       0.890811250000000      -0.950089856771765     
  0.890811250000000        1.18708166666667      -0.793319875458174     
  0.890811250000000        1.48335208333333      -0.663690304973213     
  0.890811250000000        1.77962250000000      -0.560680264098521     
  0.890811250000000        2.07589291666667      -0.480067751691585     
  0.890811250000000        2.37216333333333      -0.417388876517794     
  0.890811250000000        2.66843375000000      -0.368863480757894     
  0.890811250000000        2.96470416666667      -0.331229942926340     
  0.890811250000000        3.26097458333333      -0.301594263069522     
  0.890811250000000        3.55724500000000      -0.277576326887853     
  0.890811250000000        3.85351541666667      -0.257451756561209     
  0.890811250000000        4.14978583333333      -0.240152497659142     
  0.890811250000000        4.44605625000000      -0.225105062566195     
  0.890811250000000        4.74232666666667      -0.211997982892521     
  0.890811250000000        5.03859708333333      -0.200592543027540     
  0.890811250000000        5.33486750000000      -0.190649464479022     
  0.890811250000000        5.63113791666667      -0.182003994471718     
  0.890811250000000        5.92740833333333      -0.174586204244113     
  0.890811250000000        6.22367875000000      -0.168359203441611     
  0.890811250000000        6.51994916666667      -0.163115880383966     
  0.890811250000000        6.81621958333333      -0.158156811676381     
  0.890811250000000        7.11249000000000      -0.152860800918511     
   1.18708166666667       2.000000000000000E-003  -1.02352682214285     
   1.18708166666667       0.298270416666667      -0.988891482712760     
   1.18708166666667       0.594540833333333      -0.901769639468190     
   1.18708166666667       0.890811250000000      -0.793319803099372     
   1.18708166666667        1.18708166666667      -0.686498130175139     
   1.18708166666667        1.48335208333333      -0.591758448948939     
   1.18708166666667        1.77962250000000      -0.511966446513995     
   1.18708166666667        2.07589291666667      -0.446668585383163     
   1.18708166666667        2.37216333333333      -0.394171693184506     
   1.18708166666667        2.66843375000000      -0.352518821719429     
   1.18708166666667        2.96470416666667      -0.319515465329699     
   1.18708166666667        3.26097458333333      -0.292997135778940     
   1.18708166666667        3.55724500000000      -0.271094770499784     
   1.18708166666667        3.85351541666667      -0.252428613815361     
   1.18708166666667        4.14978583333333      -0.236151093663261     
   1.18708166666667        4.44605625000000      -0.221825223401117     
   1.18708166666667        4.74232666666667      -0.209224463578708     
   1.18708166666667        5.03859708333333      -0.198171868738179     
   1.18708166666667        5.33486750000000      -0.188476037687673     
   1.18708166666667        5.63113791666667      -0.179995043674160     
   1.18708166666667        5.92740833333333      -0.172641079566093     
   1.18708166666667        6.22367875000000      -0.166295657536819     
   1.18708166666667        6.51994916666667      -0.160707452745675     
   1.18708166666667        6.81621958333333      -0.155475187340442     
   1.18708166666667        7.11249000000000      -0.150326732285312     
   1.48335208333333       2.000000000000000E-003 -0.802045426378916     
   1.48335208333333       0.298270416666667      -0.782685993047863     
   1.48335208333333       0.594540833333333      -0.731683997867886     
   1.48335208333333       0.890811250000000      -0.663690206930793     
   1.48335208333333        1.18708166666667      -0.591758410717010     
   1.48335208333333        1.48335208333333      -0.523847129909376     
   1.48335208333333        1.77962250000000      -0.463616677052663     
   1.48335208333333        2.07589291666667      -0.412232847438125     
   1.48335208333333        2.37216333333333      -0.369610635264397     
   1.48335208333333        2.66843375000000      -0.334857787083375     
   1.48335208333333        2.96470416666667      -0.306634211178394     
   1.48335208333333        3.26097458333333      -0.283490761535157     
   1.48335208333333        3.55724500000000      -0.263923533766160     
   1.48335208333333        3.85351541666667      -0.246880424948825     
   1.48335208333333        4.14978583333333      -0.231720538526860     
   1.48335208333333        4.44605625000000      -0.218172317766300     
   1.48335208333333        4.74232666666667      -0.206103613926130     
   1.48335208333333        5.03859708333333      -0.195410083299225     
   1.48335208333333        5.33486750000000      -0.185958860129934     
   1.48335208333333        5.63113791666667      -0.177614407808703     
   1.48335208333333        5.92740833333333      -0.170292380448034     
   1.48335208333333        6.22367875000000      -0.163875091947597     
   1.48335208333333        6.51994916666667      -0.158158697734849     
   1.48335208333333        6.81621958333333      -0.152895187790635     
   1.48335208333333        7.11249000000000      -0.147896962509711     
   1.77962250000000       2.000000000000000E-003 -0.646719838362783     
   1.77962250000000       0.298270416666667      -0.635305380501662     
   1.77962250000000       0.594540833333333      -0.604253601822246     
   1.77962250000000       0.890811250000000      -0.560680163271566     
   1.77962250000000        1.18708166666667      -0.511966391307471     
   1.77962250000000        1.48335208333333      -0.463616654075967     
   1.77962250000000        1.77962250000000      -0.418828494892995     
   1.77962250000000        2.07589291666667      -0.379237065297444     
   1.77962250000000        2.37216333333333      -0.345322100107158     
   1.77962250000000        2.66843375000000      -0.317077826126118     
   1.77962250000000        2.96470416666667      -0.293680849362274     
   1.77962250000000        3.26097458333333      -0.273944957299036     
   1.77962250000000        3.55724500000000      -0.256745858783597     
   1.77962250000000        3.85351541666667      -0.241274794725512     
   1.77962250000000        4.14978583333333      -0.227176062076553     
   1.77962250000000        4.44605625000000      -0.214352408083491     
   1.77962250000000        4.74232666666667      -0.202788369130108     
   1.77962250000000        5.03859708333333      -0.192445245063239     
   1.77962250000000        5.33486750000000      -0.183232985065510     
   1.77962250000000        5.63113791666667      -0.175053302611592     
   1.77962250000000        5.92740833333333      -0.167810758384087     
   1.77962250000000        6.22367875000000      -0.161419865750036     
   1.77962250000000        6.51994916666667      -0.155721923189236     
   1.77962250000000        6.81621958333333      -0.150527374258388     
   1.77962250000000        7.11249000000000      -0.145672291056573     
   2.07589291666667       2.000000000000000E-003 -0.535711891333790     
   2.07589291666667       0.298270416666667      -0.528589200909755     
   2.07589291666667       0.594540833333333      -0.508787237509952     
   2.07589291666667       0.890811250000000      -0.480067650881549     
   2.07589291666667        1.18708166666667      -0.446668517658129     
   2.07589291666667        1.48335208333333      -0.412232804871846     
   2.07589291666667        1.77962250000000      -0.379237042636950     
   2.07589291666667        2.07589291666667      -0.349084343866529     
   2.07589291666667        2.37216333333333      -0.322805850060461     
   2.07589291666667        2.66843375000000      -0.300513946153925     
   2.07589291666667        2.96470416666667      -0.281604403481633     
   2.07589291666667        3.26097458333333      -0.265080636318976     
   2.07589291666667        3.55724500000000      -0.250009777992497     
   2.07589291666667        3.85351541666667      -0.235886606802282     
   2.07589291666667        4.14978583333333      -0.222669837281362     
   2.07589291666667        4.44605625000000      -0.210478536108382     
   2.07589291666667        4.74232666666667      -0.199376794900639     
   2.07589291666667        5.03859708333333      -0.189365391775092     
   2.07589291666667        5.33486750000000      -0.180398587966828     
   2.07589291666667        5.63113791666667      -0.172406008866481     
   2.07589291666667        5.92740833333333      -0.165319075642946     
   2.07589291666667        6.22367875000000      -0.159045712629048     
   2.07589291666667        6.51994916666667      -0.153449619616372     
   2.07589291666667        6.81621958333333      -0.148373599964691     
   2.07589291666667        7.11249000000000      -0.143657872464618     
   2.37216333333333       2.000000000000000E-003 -0.454753586257354     
   2.37216333333333       0.298270416666667      -0.450068376681004     
   2.37216333333333       0.594540833333333      -0.436901633021089     
   2.37216333333333       0.890811250000000      -0.417388771471609     
   2.37216333333333        1.18708166666667      -0.394171611196058     
   2.37216333333333        1.48335208333333      -0.369610570511070     
   2.37216333333333        1.77962250000000      -0.345322048331163     
   2.37216333333333        2.07589291666667      -0.322805817970394     
   2.37216333333333        2.37216333333333      -0.302945589708900     
   2.37216333333333        2.66843375000000      -0.285818289526083     
   2.37216333333333        2.96470416666667      -0.270913322983944     
   2.37216333333333        3.26097458333333      -0.257232030149323     
   2.37216333333333        3.55724500000000      -0.243848981066954     
   2.37216333333333        3.85351541666667      -0.230655958507554     
   2.37216333333333        4.14978583333333      -0.218115267944372     
   2.37216333333333        4.44605625000000      -0.206512801109178     
   2.37216333333333        4.74232666666667      -0.195879997901577     
   2.37216333333333        5.03859708333333      -0.186209785096448     
   2.37216333333333        5.33486750000000      -0.177502236884323     
   2.37216333333333        5.63113791666667      -0.169731741093092     
   2.37216333333333        5.92740833333333      -0.162833771736130     
   2.37216333333333        6.22367875000000      -0.156735949426882     
   2.37216333333333        6.51994916666667      -0.151307227237458     
   2.37216333333333        6.81621958333333      -0.146382154030584     
   2.37216333333333        7.11249000000000      -0.141812349336274     
   2.66843375000000       2.000000000000000E-003 -0.394672601610988     
   2.66843375000000       0.298270416666667      -0.391467529512687     
   2.66843375000000       0.594540833333333      -0.382411314556633     
   2.66843375000000       0.890811250000000      -0.368863372326984     
   2.66843375000000        1.18708166666667      -0.352518726810236     
   2.66843375000000        1.48335208333333      -0.334857697631145     
   2.66843375000000        1.77962250000000      -0.317077741344550     
   2.66843375000000        2.07589291666667      -0.300513866710018     
   2.66843375000000        2.37216333333333      -0.285818229291062     
   2.66843375000000        2.66843375000000      -0.273063811615502     
   2.66843375000000        2.96470416666667      -0.261688422188829     
   2.66843375000000        3.26097458333333      -0.250400285872598     
   2.66843375000000        3.55724500000000      -0.238034757541990     
   2.66843375000000        3.85351541666667      -0.225205408380291     
   2.66843375000000        4.14978583333333      -0.213296406363031     
   2.66843375000000        4.44605625000000      -0.202414548281110     
   2.66843375000000        4.74232666666667      -0.192307045072678     
   2.66843375000000        5.03859708333333      -0.182992626530883     
   2.66843375000000        5.33486750000000      -0.174558676612987     
   2.66843375000000        5.63113791666667      -0.167036609787115     
   2.66843375000000        5.92740833333333      -0.160367180847212     
   2.66843375000000        6.22367875000000      -0.154472544087157     
   2.66843375000000        6.51994916666667      -0.149228769169076     
   2.66843375000000        6.81621958333333      -0.144471328017277     
   2.66843375000000        7.11249000000000      -0.140055093466868     
   2.96470416666667       2.000000000000000E-003 -0.349520916843541     
   2.96470416666667       0.298270416666667      -0.347259164723031     
   2.96470416666667       0.594540833333333      -0.340854058422243     
   2.96470416666667       0.890811250000000      -0.331229838803145     
   2.96470416666667        1.18708166666667      -0.319515364013447     
   2.96470416666667        1.48335208333333      -0.306634099179089     
   2.96470416666667        1.77962250000000      -0.293680731321806     
   2.96470416666667        2.07589291666667      -0.281604268011568     
   2.96470416666667        2.37216333333333      -0.270913184803668     
   2.96470416666667        2.66843375000000      -0.261688325467158     
   2.96470416666667        2.96470416666667      -0.253308672330623     
   2.96470416666667        3.26097458333333      -0.244099519026661     
   2.96470416666667        3.55724500000000      -0.232191679152560     
   2.96470416666667        3.85351541666667      -0.219320419744687     
   2.96470416666667        4.14978583333333      -0.208359201359953     
   2.96470416666667        4.44605625000000      -0.198348143652692     
   2.96470416666667        4.74232666666667      -0.188716150321815     
   2.96470416666667        5.03859708333333      -0.179711553604752     
   2.96470416666667        5.33486750000000      -0.171544635836892     
   2.96470416666667        5.63113791666667      -0.164281594091053     
   2.96470416666667        5.92740833333333      -0.157877432145754     
   2.96470416666667        6.22367875000000      -0.152212933809600     
   2.96470416666667        6.51994916666667      -0.147169191702280     
   2.96470416666667        6.81621958333333      -0.142585378181946     
   2.96470416666667        7.11249000000000      -0.138323658783765     
   3.26097458333333       2.000000000000000E-003 -0.314933504600326     
   3.26097458333333       0.298270416666667      -0.313287513391138     
   3.26097458333333       0.594540833333333      -0.308620990339326     
   3.26097458333333       0.890811250000000      -0.301594172725656     
   3.26097458333333        1.18708166666667      -0.292997037690018     
   3.26097458333333        1.48335208333333      -0.283490639847766     
   3.26097458333333        1.77962250000000      -0.273944816562841     
   3.26097458333333        2.07589291666667      -0.265080461982291     
   3.26097458333333        2.37216333333333      -0.257231843676031     
   3.26097458333333        2.66843375000000      -0.250400123572816     
   3.26097458333333        2.96470416666667      -0.244099395019616     
   3.26097458333333        3.26097458333333      -0.236472854645885     
   3.26097458333333        3.55724500000000      -0.225371202849531     
   3.26097458333333        3.85351541666667      -0.214028149518674     
   3.26097458333333        4.14978583333333      -0.204191598973649     
   3.26097458333333        4.44605625000000      -0.194499969283689     
   3.26097458333333        4.74232666666667      -0.185057843386187     
   3.26097458333333        5.03859708333333      -0.176295758128199     
   3.26097458333333        5.33486750000000      -0.168401584170112     
   3.26097458333333        5.63113791666667      -0.161419018318493     
   3.26097458333333        5.92740833333333      -0.155295255062590     
   3.26097458333333        6.22367875000000      -0.149883225034646     
   3.26097458333333        6.51994916666667      -0.145053489970324     
   3.26097458333333        6.81621958333333      -0.140650323335451     
   3.26097458333333        7.11249000000000      -0.136546865410222     
   3.55724500000000       2.000000000000000E-003 -0.287606586312140     
   3.55724500000000       0.298270416666667      -0.286370234161632     
   3.55724500000000       0.594540833333333      -0.282863324042741     
   3.55724500000000       0.890811250000000      -0.277576256583007     
   3.55724500000000        1.18708166666667      -0.271094684993331     
   3.55724500000000        1.48335208333333      -0.263923415699658     
   3.55724500000000        1.77962250000000      -0.256745716054508     
   3.55724500000000        2.07589291666667      -0.250009602144933     
   3.55724500000000        2.37216333333333      -0.243848810467620     
   3.55724500000000        2.66843375000000      -0.238034647869126     
   3.55724500000000        2.96470416666667      -0.232191624019838     
   3.55724500000000        3.26097458333333      -0.225371150571254     
   3.55724500000000        3.55724500000000      -0.215156043057829     
   3.55724500000000        3.85351541666667      -0.209088660970293     
   3.55724500000000        4.14978583333333      -0.199768176298260     
   3.55724500000000        4.44605625000000      -0.190086485096167     
   3.55724500000000        4.74232666666667      -0.180954813438402     
   3.55724500000000        5.03859708333333      -0.172577057191670     
   3.55724500000000        5.33486750000000      -0.165044054970093     
   3.55724500000000        5.63113791666667      -0.158383493217619     
   3.55724500000000        5.92740833333333      -0.152560325260682     
   3.55724500000000        6.22367875000000      -0.147417879789243     
   3.55724500000000        6.51994916666667      -0.142814805131001     
   3.55724500000000        6.81621958333333      -0.138601855737583     
   3.55724500000000        7.11249000000000      -0.134666237392805     
   3.85351541666667       2.000000000000000E-003 -0.265220324578726     
   3.85351541666667       0.298270416666667      -0.264262225420636     
   3.85351541666667       0.594540833333333      -0.261547300972869     
   3.85351541666667       0.890811250000000      -0.257451707442635     
   3.85351541666667        1.18708166666667      -0.252428547096029     
   3.85351541666667        1.48335208333333      -0.246880322002525     
   3.85351541666667        1.77962250000000      -0.241274668482689     
   3.85351541666667        2.07589291666667      -0.235886456023985     
   3.85351541666667        2.37216333333333      -0.230655827108096     
   3.85351541666667        2.66843375000000      -0.225205359594581     
   3.85351541666667        2.96470416666667      -0.219320433748336     
   3.85351541666667        3.26097458333333      -0.214028064537748     
   3.85351541666667        3.55724500000000      -0.209088597811077     
   3.85351541666667        3.85351541666667      -0.201277062366391     
   3.85351541666667        4.14978583333333      -0.192574152732917     
   3.85351541666667        4.44605625000000      -0.184248636379620     
   3.85351541666667        4.74232666666667      -0.176122726688250     
   3.85351541666667        5.03859708333333      -0.168442274492511     
   3.85351541666667        5.33486750000000      -0.161415531859431     
   3.85351541666667        5.63113791666667      -0.155144997827205     
   3.85351541666667        5.92740833333333      -0.149648238905237     
   3.85351541666667        6.22367875000000      -0.144791824858139     
   3.85351541666667        6.51994916666667      -0.140427629545387     
   3.85351541666667        6.81621958333333      -0.136416854630452     
   3.85351541666667        7.11249000000000      -0.132663403650966     
   4.14978583333333       2.000000000000000E-003 -0.246326999031451     
   4.14978583333333       0.298270416666667      -0.245565060053203     
   4.14978583333333       0.594540833333333      -0.243409255885444     
   4.14978583333333       0.890811250000000      -0.240152467532860     
   4.14978583333333        1.18708166666667      -0.236151047896212     
   4.14978583333333        1.48335208333333      -0.231720457375796     
   4.14978583333333        1.77962250000000      -0.227175959370907     
   4.14978583333333        2.07589291666667      -0.222669714888301     
   4.14978583333333        2.37216333333333      -0.218115150944492     
   4.14978583333333        2.66843375000000      -0.213296321297400     
   4.14978583333333        2.96470416666667      -0.208359091079949     
   4.14978583333333        3.26097458333333      -0.204191371973993     
   4.14978583333333        3.55724500000000      -0.199768027989048     
   4.14978583333333        3.85351541666667      -0.192574168152190     
   4.14978583333333        4.14978583333333      -0.184979633865233     
   4.14978583333333        4.44605625000000      -0.177864980145090     
   4.14978583333333        4.74232666666667      -0.170818978936142     
   4.14978583333333        5.03859708333333      -0.163957884932521     
   4.14978583333333        5.33486750000000      -0.157530039934778     
   4.14978583333333        5.63113791666667      -0.151711049601925     
   4.14978583333333        5.92740833333333      -0.146580733226990     
   4.14978583333333        6.22367875000000      -0.142030002720378     
   4.14978583333333        6.51994916666667      -0.137917582713893     
   4.14978583333333        6.81621958333333      -0.134122778659925     
   4.14978583333333        7.11249000000000      -0.130567938653070     
   4.44605625000000       2.000000000000000E-003 -0.230129239223116     
   4.44605625000000       0.298270416666667      -0.229510374715530     
   4.44605625000000       0.594540833333333      -0.227760102334423     
   4.44605625000000       0.890811250000000      -0.225105050345221     
   4.44605625000000        1.18708166666667      -0.221825199081217     
   4.44605625000000        1.48335208333333      -0.218172265075214     
   4.44605625000000        1.77962250000000      -0.214352328311233     
   4.44605625000000        2.07589291666667      -0.210478435713058     
   4.44605625000000        2.37216333333333      -0.206512685416923     
   4.44605625000000        2.66843375000000      -0.202414422815642     
   4.44605625000000        2.96470416666667      -0.198347982837540     
   4.44605625000000        3.26097458333333      -0.194499775078326     
   4.44605625000000        3.55724500000000      -0.190086378292924     
   4.44605625000000        3.85351541666667      -0.184248662334698     
   4.44605625000000        4.14978583333333      -0.177865027442613     
   4.44605625000000        4.44605625000000      -0.171589770121797     
   4.44605625000000        4.74232666666667      -0.165375014118053     
   4.44605625000000        5.03859708333333      -0.159270686299143     
   4.44605625000000        5.33486750000000      -0.153458627940617     
   4.44605625000000        5.63113791666667      -0.148139533006263     
   4.44605625000000        5.92740833333333      -0.143417296178654     
   4.44605625000000        6.22367875000000      -0.139191461983805     
   4.44605625000000        6.51994916666667      -0.135343962787947     
   4.44605625000000        6.81621958333333      -0.131780399943174     
   4.44605625000000        7.11249000000000      -0.128440778844861     
   4.74232666666667       2.000000000000000E-003 -0.216186901822782     
   4.74232666666667       0.298270416666667      -0.215673850001240     
   4.74232666666667       0.594540833333333      -0.214220553755705     
   4.74232666666667       0.890811250000000      -0.211997991374535     
   4.74232666666667        1.18708166666667      -0.209224462525691     
   4.74232666666667        1.48335208333333      -0.206103589380215     
   4.74232666666667        1.77962250000000      -0.202788313670061     
   4.74232666666667        2.07589291666667      -0.199376713584389     
   4.74232666666667        2.37216333333333      -0.195879889875135     
   4.74232666666667        2.66843375000000      -0.192306916590307     
   4.74232666666667        2.96470416666667      -0.188716011440967     
   4.74232666666667        3.26097458333333      -0.185057726056878     
   4.74232666666667        3.55724500000000      -0.180954775300621     
   4.74232666666667        3.85351541666667      -0.176122776251491     
   4.74232666666667        4.14978583333333      -0.170819051359802     
   4.74232666666667        4.44605625000000      -0.165375053003727     
   4.74232666666667        4.74232666666667      -0.159902173753841     
   4.74232666666667        5.03859708333333      -0.154488369752444     
   4.74232666666667        5.33486750000000      -0.149291982812679     
   4.74232666666667        5.63113791666667      -0.144519952211957     
   4.74232666666667        5.92740833333333      -0.140230379048416     
   4.74232666666667        6.22367875000000      -0.136339551562331     
   4.74232666666667        6.51994916666667      -0.132768497215533     
   4.74232666666667        6.81621958333333      -0.129452567723338     
   4.74232666666667        7.11249000000000      -0.126344656595594     
   5.03859708333333       2.000000000000000E-003 -0.204158880728303     
   5.03859708333333       0.298270416666667      -0.203729205354022     
   5.03859708333333       0.594540833333333      -0.202501030954077     
   5.03859708333333       0.890811250000000      -0.200592576697569     
   5.03859708333333        1.18708166666667      -0.198171893992715     
   5.03859708333333        1.48335208333333      -0.195410086640776     
   5.03859708333333        1.77962250000000      -0.192445218891003     
   5.03859708333333        2.07589291666667      -0.189365335444374     
   5.03859708333333        2.37216333333333      -0.186209698093693     
   5.03859708333333        2.66843375000000      -0.182992516321240     
   5.03859708333333        2.96470416666667      -0.179711443032083     
   5.03859708333333        3.26097458333333      -0.176295680784937     
   5.03859708333333        3.55724500000000      -0.172577042123393     
   5.03859708333333        3.85351541666667      -0.168442317477032     
   5.03859708333333        4.14978583333333      -0.163957947155625     
   5.03859708333333        4.44605625000000      -0.159270731760928     
   5.03859708333333        4.74232666666667      -0.154488388731867     
   5.03859708333333        5.03859708333333      -0.149728488579594     
   5.03859708333333        5.33486750000000      -0.145160779597229     
   5.03859708333333        5.63113791666667      -0.140945975094473     
   5.03859708333333        5.92740833333333      -0.137075277233730     
   5.03859708333333        6.22367875000000      -0.133513333871659     
   5.03859708333333        6.51994916666667      -0.130226294046529     
   5.03859708333333        6.81621958333333      -0.127181129753476     
   5.03859708333333        7.11249000000000      -0.124323777437918     
   5.33486750000000       2.000000000000000E-003 -0.193666652208398     
   5.33486750000000       0.298270416666667      -0.193321758441319     
   5.33486750000000       0.594540833333333      -0.192305136898864     
   5.33486750000000       0.890811250000000      -0.190649542189286     
   5.33486750000000        1.18708166666667      -0.188476092309789     
   5.33486750000000        1.48335208333333      -0.185958890160246     
   5.33486750000000        1.77962250000000      -0.183232985728981     
   5.33486750000000        2.07589291666667      -0.180398561670574     
   5.33486750000000        2.37216333333333      -0.177502188283351     
   5.33486750000000        2.66843375000000      -0.174558607873377     
   5.33486750000000        2.96470416666667      -0.171544562782861     
   5.33486750000000        3.26097458333333      -0.168401531571629     
   5.33486750000000        3.55724500000000      -0.165044041765818     
   5.33486750000000        3.85351541666667      -0.161415555590479     
   5.33486750000000        4.14978583333333      -0.157530080946705     
   5.33486750000000        4.44605625000000      -0.153458665286066     
   5.33486750000000        4.74232666666667      -0.149292005761493     
   5.33486750000000        5.03859708333333      -0.145160787660290     
   5.33486750000000        5.33486750000000      -0.141206317950326     
   5.33486750000000        5.63113791666667      -0.137473908801925     
   5.33486750000000        5.92740833333333      -0.133975233540724     
   5.33486750000000        6.22367875000000      -0.130749552809849     
   5.33486750000000        6.51994916666667      -0.127782636404896     
   5.33486750000000        6.81621958333333      -0.125031709170507     
   5.33486750000000        7.11249000000000      -0.122438287616671     
   5.63113791666667       2.000000000000000E-003 -0.184395901010171     
   5.63113791666667       0.298270416666667      -0.184178779637033     
   5.63113791666667       0.594540833333333      -0.183425902287407     
   5.63113791666667       0.890811250000000      -0.182004134406538     
   5.63113791666667        1.18708166666667      -0.179995137332280     
   5.63113791666667        1.48335208333333      -0.177614459175437     
   5.63113791666667        1.77962250000000      -0.175053322290699     
   5.63113791666667        2.07589291666667      -0.172406007341049     
   5.63113791666667        2.37216333333333      -0.169731728510268     
   5.63113791666667        2.66843375000000      -0.167036594303189     
   5.63113791666667        2.96470416666667      -0.164281582215149     
   5.63113791666667        3.26097458333333      -0.161419016163214     
   5.63113791666667        3.55724500000000      -0.158383507728943     
   5.63113791666667        3.85351541666667      -0.155145027614818     
   5.63113791666667        4.14978583333333      -0.151711084206609     
   5.63113791666667        4.44605625000000      -0.148139558427670     
   5.63113791666667        4.74232666666667      -0.144519967346321     
   5.63113791666667        5.03859708333333      -0.140945987441178     
   5.63113791666667        5.33486750000000      -0.137473922714855     
   5.63113791666667        5.63113791666667      -0.134135475094370     
   5.63113791666667        5.92740833333333      -0.131011665534571     
   5.63113791666667        6.22367875000000      -0.128131169796170     
   5.63113791666667        6.51994916666667      -0.125489768794348     
   5.63113791666667        6.81621958333333      -0.123043749994365     
   5.63113791666667        7.11249000000000      -0.120714446224838     
   5.92740833333333       2.000000000000000E-003 -0.176047102633960     
   5.92740833333333       0.298270416666667      -0.176093946787515     
   5.92740833333333       0.594540833333333      -0.175773677680682     
   5.92740833333333       0.890811250000000      -0.174586376073503     
   5.92740833333333        1.18708166666667      -0.172641178803919     
   5.92740833333333        1.48335208333333      -0.170292428974851     
   5.92740833333333        1.77962250000000      -0.167810779865075     
   5.92740833333333        2.07589291666667      -0.165319086794558     
   5.92740833333333        2.37216333333333      -0.162833784528804     
   5.92740833333333        2.66843375000000      -0.160367201623336     
   5.92740833333333        2.96470416666667      -0.157877462228849     
   5.92740833333333        3.26097458333333      -0.155295291757832     
   5.92740833333333        3.55724500000000      -0.152560363210501     
   5.92740833333333        3.85351541666667      -0.149648271465562     
   5.92740833333333        4.14978583333333      -0.146580755297864     
   5.92740833333333        4.44605625000000      -0.143417308265552     
   5.92740833333333        4.74232666666667      -0.140230389288860     
   5.92740833333333        5.03859708333333      -0.137075299699608     
   5.92740833333333        5.33486750000000      -0.133975280137060     
   5.92740833333333        5.63113791666667      -0.131011700771474     
   5.92740833333333        5.92740833333333      -0.128241376776907     
   5.92740833333333        6.22367875000000      -0.125689473381012     
   5.92740833333333        6.51994916666667      -0.123365334262101     
   5.92740833333333        6.81621958333333      -0.121226337708891     
   5.92740833333333        7.11249000000000      -0.119156979027112     
   6.22367875000000       2.000000000000000E-003 -0.168450866601561     
   6.22367875000000       0.298270416666667      -0.169080420899165     
   6.22367875000000       0.594540833333333      -0.169438618639556     
   6.22367875000000       0.890811250000000      -0.168359352800874     
   6.22367875000000        1.18708166666667      -0.166295707787330     
   6.22367875000000        1.48335208333333      -0.163875092414186     
   6.22367875000000        1.77962250000000      -0.161419859656086     
   6.22367875000000        2.07589291666667      -0.159045720826322     
   6.22367875000000        2.37216333333333      -0.156735975134727     
   6.22367875000000        2.66843375000000      -0.154472586512536     
   6.22367875000000        2.96470416666667      -0.152212987054082     
   6.22367875000000        3.26097458333333      -0.149883279300190     
   6.22367875000000        3.55724500000000      -0.147417924855323     
   6.22367875000000        3.85351541666667      -0.144791854055529     
   6.22367875000000        4.14978583333333      -0.142030015700991     
   6.22367875000000        4.44605625000000      -0.139191465675843     
   6.22367875000000        4.74232666666667      -0.136339559849529     
   6.22367875000000        5.03859708333333      -0.133513369209090     
   6.22367875000000        5.33486750000000      -0.130749618062828     
   6.22367875000000        5.63113791666667      -0.128131235854149     
   6.22367875000000        5.92740833333333      -0.125689526329503     
   6.22367875000000        6.22367875000000      -0.123448614439147     
   6.22367875000000        6.51994916666667      -0.121425166016035     
   6.22367875000000        6.81621958333333      -0.119577862847090     
   6.22367875000000        7.11249000000000      -0.117750336405598     
   6.51994916666667       2.000000000000000E-003 -0.162263263742793     
   6.51994916666667       0.298270416666667      -0.163819892187679     
   6.51994916666667       0.594540833333333      -0.164594821146866     
   6.51994916666667       0.890811250000000      -0.163115945150234     
   6.51994916666667        1.18708166666667      -0.160707419139372     
   6.51994916666667        1.48335208333333      -0.158158629635023     
   6.51994916666667        1.77962250000000      -0.155721872969790     
   6.51994916666667        2.07589291666667      -0.153449614338156     
   6.51994916666667        2.37216333333333      -0.151307256874417     
   6.51994916666667        2.66843375000000      -0.149228821625862     
   6.51994916666667        2.96470416666667      -0.147169253814637     
   6.51994916666667        3.26097458333333      -0.145053547402145     
   6.51994916666667        3.55724500000000      -0.142814846651847     
   6.51994916666667        3.85351541666667      -0.140427650959562     
   6.51994916666667        4.14978583333333      -0.137917587454623     
   6.51994916666667        4.44605625000000      -0.135343960172298     
   6.51994916666667        4.74232666666667      -0.132768500775325     
   6.51994916666667        5.03859708333333      -0.130226325390726     
   6.51994916666667        5.33486750000000      -0.127782684300789     
   6.51994916666667        5.63113791666667      -0.125489841635178     
   6.51994916666667        5.92740833333333      -0.123365442294683     
   6.51994916666667        6.22367875000000      -0.121425269929152     
   6.51994916666667        6.51994916666667      -0.119673504294856     
   6.51994916666667        6.81621958333333      -0.118073408781922     
   6.51994916666667        7.11249000000000      -0.116467794030614     
   6.81621958333333       2.000000000000000E-003 -0.159219206457390     
   6.81621958333333       0.298270416666667      -0.160805697596460     
   6.81621958333333       0.594540833333333      -0.160441515879294     
   6.81621958333333       0.890811250000000      -0.158156768495320     
   6.81621958333333        1.18708166666667      -0.155475094349133     
   6.81621958333333        1.48335208333333      -0.152895081115185     
   6.81621958333333        1.77962250000000      -0.150527299316081     
   6.81621958333333        2.07589291666667      -0.148373586949706     
   6.81621958333333        2.37216333333333      -0.146382186524359     
   6.81621958333333        2.66843375000000      -0.144471384242624     
   6.81621958333333        2.96470416666667      -0.142585440186616     
   6.81621958333333        3.26097458333333      -0.140650374941788     
   6.81621958333333        3.55724500000000      -0.138601887355244     
   6.81621958333333        3.85351541666667      -0.136416866225533     
   6.81621958333333        4.14978583333333      -0.134122776405437     
   6.81621958333333        4.44605625000000      -0.131780391559926     
   6.81621958333333        4.74232666666667      -0.129452558412160     
   6.81621958333333        5.03859708333333      -0.127181120521311     
   6.81621958333333        5.33486750000000      -0.125031702719868     
   6.81621958333333        5.63113791666667      -0.123043786480454     
   6.81621958333333        5.92740833333333      -0.121226447244590     
   6.81621958333333        6.22367875000000      -0.119578026643470     
   6.81621958333333        6.51994916666667      -0.118073550003151     
   6.81621958333333        6.81621958333333      -0.116596194743100     
   6.81621958333333        7.11249000000000      -0.115155872980183     
   7.11249000000000       2.000000000000000E-003 -0.155151163190092     
   7.11249000000000       0.298270416666667      -0.156120519755407     
   7.11249000000000       0.594540833333333      -0.155140039973126     
   7.11249000000000       0.890811250000000      -0.152860750500887     
   7.11249000000000        1.18708166666667      -0.150326662863526     
   7.11249000000000        1.48335208333333      -0.147896882357507     
   7.11249000000000        1.77962250000000      -0.145672237001463     
   7.11249000000000        2.07589291666667      -0.143657873442108     
   7.11249000000000        2.37216333333333      -0.141812390827646     
   7.11249000000000        2.66843375000000      -0.140055152857474     
   7.11249000000000        2.96470416666667      -0.138323718006295     
   7.11249000000000        3.26097458333333      -0.136546909412535     
   7.11249000000000        3.55724500000000      -0.134666259493465     
   7.11249000000000        3.85351541666667      -0.132663407558393     
   7.11249000000000        4.14978583333333      -0.130567931684890     
   7.11249000000000        4.44605625000000      -0.128440764769293     
   7.11249000000000        4.74232666666667      -0.126344627946460     
   7.11249000000000        5.03859708333333      -0.124323711337836     
   7.11249000000000        5.33486750000000      -0.122438207780138     
   7.11249000000000        5.63113791666667      -0.120714407455279     
   7.11249000000000        5.92740833333333      -0.119157006279348     
   7.11249000000000        6.22367875000000      -0.117750387643697     
   7.11249000000000        6.51994916666667      -0.116467790202423     
   7.11249000000000        6.81621958333333      -0.115155828576002     
   7.11249000000000        7.11249000000000      -0.113311396559249     
