  2.000000000000000E-003  2.000000000000000E-003 -0.287606586312139     
  2.000000000000000E-003  0.298270416666667      -0.288143426366239     
  2.000000000000000E-003  0.594540833333333      -0.282094069739752     
  2.000000000000000E-003  0.890811250000000      -0.272253754358077     
  2.000000000000000E-003   1.18708166666667      -0.261481119501858     
  2.000000000000000E-003   1.48335208333333      -0.250840298432406     
  2.000000000000000E-003   1.77962250000000      -0.240722112456021     
  2.000000000000000E-003   2.07589291666667      -0.231251944065878     
  2.000000000000000E-003   2.37216333333333      -0.222435987195397     
  2.000000000000000E-003   2.66843375000000      -0.214241025603031     
  2.000000000000000E-003   2.96470416666667      -0.206527763718677     
  2.000000000000000E-003   3.26097458333333      -0.199163851083816     
  2.000000000000000E-003   3.55724500000000      -0.192038390574976     
  2.000000000000000E-003   3.85351541666667      -0.185096474681593     
  2.000000000000000E-003   4.14978583333333      -0.178366597001092     
  2.000000000000000E-003   4.44605625000000      -0.171946043977006     
  2.000000000000000E-003   4.74232666666667      -0.165953682829553     
  2.000000000000000E-003   5.03859708333333      -0.160477649593010     
  2.000000000000000E-003   5.33486750000000      -0.155578179777892     
  2.000000000000000E-003   5.63113791666667      -0.151240341433213     
  2.000000000000000E-003   5.92740833333333      -0.147393472160427     
  2.000000000000000E-003   6.22367875000000      -0.143926035934567     
  2.000000000000000E-003   6.51994916666667      -0.140839013927183     
  2.000000000000000E-003   6.81621958333333      -0.138198789932034     
  2.000000000000000E-003   7.11249000000000      -0.134675833072484     
  0.298270416666667       2.000000000000000E-003 -0.311839118119170     
  0.298270416666667       0.298270416666667      -0.306479525771237     
  0.298270416666667       0.594540833333333      -0.299192554856136     
  0.298270416666667       0.890811250000000      -0.289499831886447     
  0.298270416666667        1.18708166666667      -0.278188795010210     
  0.298270416666667        1.48335208333333      -0.266478483067206     
  0.298270416666667        1.77962250000000      -0.255043083703346     
  0.298270416666667        2.07589291666667      -0.244179515388544     
  0.298270416666667        2.37216333333333      -0.234004186383755     
  0.298270416666667        2.66843375000000      -0.224552638698047     
  0.298270416666667        2.96470416666667      -0.215680105861392     
  0.298270416666667        3.26097458333333      -0.207252352305950     
  0.298270416666667        3.55724500000000      -0.199165041629808     
  0.298270416666667        3.85351541666667      -0.191371063297368     
  0.298270416666667        4.14978583333333      -0.183898206858990     
  0.298270416666667        4.44605625000000      -0.176834104564619     
  0.298270416666667        4.74232666666667      -0.170287168496012     
  0.298270416666667        5.03859708333333      -0.164344812185034     
  0.298270416666667        5.33486750000000      -0.159047081726798     
  0.298270416666667        5.63113791666667      -0.154377377975484     
  0.298270416666667        5.92740833333333      -0.150269154632829     
  0.298270416666667        6.22367875000000      -0.146625923198459     
  0.298270416666667        6.51994916666667      -0.143432035067133     
  0.298270416666667        6.81621958333333      -0.140665538117221     
  0.298270416666667        7.11249000000000      -0.136742395284369     
  0.594540833333333       2.000000000000000E-003 -0.333402402074203     
  0.594540833333333       0.298270416666667      -0.327683304297029     
  0.594540833333333       0.594540833333333      -0.317919218013086     
  0.594540833333333       0.890811250000000      -0.307382291914195     
  0.594540833333333        1.18708166666667      -0.295501918887096     
  0.594540833333333        1.48335208333333      -0.282803738478065     
  0.594540833333333        1.77962250000000      -0.270059870286213     
  0.594540833333333        2.07589291666667      -0.257769739011960     
  0.594540833333333        2.37216333333333      -0.246199617167964     
  0.594540833333333        2.66843375000000      -0.235408763765719     
  0.594540833333333        2.96470416666667      -0.225277052193287     
  0.594540833333333        3.26097458333333      -0.215681808496048     
  0.594540833333333        3.55724500000000      -0.206530441336290     
  0.594540833333333        3.85351541666667      -0.197789527917194     
  0.594540833333333        4.14978583333333      -0.189492053226945     
  0.594540833333333        4.44605625000000      -0.181717806048681     
  0.594540833333333        4.74232666666667      -0.174561331252931     
  0.594540833333333        5.03859708333333      -0.168103216801401     
  0.594540833333333        5.33486750000000      -0.162376640913189     
  0.594540833333333        5.63113791666667      -0.157351024089614     
  0.594540833333333        5.92740833333333      -0.152974350065382     
  0.594540833333333        6.22367875000000      -0.149142992687114     
  0.594540833333333        6.51994916666667      -0.145657414907638     
  0.594540833333333        6.81621958333333      -0.141998383144518     
  0.594540833333333        7.11249000000000      -0.137542131266589     
  0.890811250000000       2.000000000000000E-003 -0.355569310416707     
  0.890811250000000       0.298270416666667      -0.351062054859644     
  0.890811250000000       0.594540833333333      -0.340924558835173     
  0.890811250000000       0.890811250000000      -0.328678808321834     
  0.890811250000000        1.18708166666667      -0.315105381984267     
  0.890811250000000        1.48335208333333      -0.300715914402961     
  0.890811250000000        1.77962250000000      -0.286236456037799     
  0.890811250000000        2.07589291666667      -0.272275963140109     
  0.890811250000000        2.37216333333333      -0.259159634802048     
  0.890811250000000        2.66843375000000      -0.246904448665554     
  0.890811250000000        2.96470416666667      -0.235412229903508     
  0.890811250000000        3.26097458333333      -0.224557391173649     
  0.890811250000000        3.55724500000000      -0.214246031519625     
  0.890811250000000        3.85351541666667      -0.204457050325571     
  0.890811250000000        4.14978583333333      -0.195238165074136     
  0.890811250000000        4.44605625000000      -0.186668805139878     
  0.890811250000000        4.74232666666667      -0.178825935718540     
  0.890811250000000        5.03859708333333      -0.171772430724699     
  0.890811250000000        5.33486750000000      -0.165540959611873     
  0.890811250000000        5.63113791666667      -0.160079383785399     
  0.890811250000000        5.92740833333333      -0.155318545246428     
  0.890811250000000        6.22367875000000      -0.151107525346470     
  0.890811250000000        6.51994916666667      -0.147130964861059     
  0.890811250000000        6.81621958333333      -0.142920701054268     
  0.890811250000000        7.11249000000000      -0.138348762660741     
   1.18708166666667       2.000000000000000E-003 -0.381685171794842     
   1.18708166666667       0.298270416666667      -0.377758169179718     
   1.18708166666667       0.594540833333333      -0.367528192738947     
   1.18708166666667       0.890811250000000      -0.353593878716465     
   1.18708166666667        1.18708166666667      -0.337645997464697     
   1.18708166666667        1.48335208333333      -0.320789081148581     
   1.18708166666667        1.77962250000000      -0.303993665941128     
   1.18708166666667        2.07589291666667      -0.288000982847257     
   1.18708166666667        2.37216333333333      -0.273059730543476     
   1.18708166666667        2.66843375000000      -0.259166142316940     
   1.18708166666667        2.96470416666667      -0.246209330660394     
   1.18708166666667        3.26097458333333      -0.234014217650928     
   1.18708166666667        3.55724500000000      -0.222444614095492     
   1.18708166666667        3.85351541666667      -0.211483602853786     
   1.18708166666667        4.14978583333333      -0.201217514382629     
   1.18708166666667        4.44605625000000      -0.191747343467391     
   1.18708166666667        4.74232666666667      -0.183130562669236     
   1.18708166666667        5.03859708333333      -0.175391428810874     
   1.18708166666667        5.33486750000000      -0.168551028031543     
   1.18708166666667        5.63113791666667      -0.162558131148330     
   1.18708166666667        5.92740833333333      -0.157306358020864     
   1.18708166666667        6.22367875000000      -0.152619491832713     
   1.18708166666667        6.51994916666667      -0.148195655457612     
   1.18708166666667        6.81621958333333      -0.143708228604273     
   1.18708166666667        7.11249000000000      -0.139102250898406     
   1.48335208333333       2.000000000000000E-003 -0.412226648486377     
   1.48335208333333       0.298270416666667      -0.408315010157978     
   1.48335208333333       0.594540833333333      -0.397409341372637     
   1.48335208333333       0.890811250000000      -0.381626589331633     
   1.48335208333333        1.18708166666667      -0.362922928957815     
   1.48335208333333        1.48335208333333      -0.343065587789719     
   1.48335208333333        1.77962250000000      -0.323523780487869     
   1.48335208333333        2.07589291666667      -0.305102357606949     
   1.48335208333333        2.37216333333333      -0.288010964176182     
   1.48335208333333        2.66843375000000      -0.272292736333270     
   1.48335208333333        2.96470416666667      -0.257789017373716     
   1.48335208333333        3.26097458333333      -0.244197563163471     
   1.48335208333333        3.55724500000000      -0.231265573203440     
   1.48335208333333        3.85351541666667      -0.218960360031647     
   1.48335208333333        4.14978583333333      -0.207453418885536     
   1.48335208333333        4.44605625000000      -0.196947873621987     
   1.48335208333333        4.74232666666667      -0.187474816903113     
   1.48335208333333        5.03859708333333      -0.178985450673856     
   1.48335208333333        5.33486750000000      -0.171446982220897     
   1.48335208333333        5.63113791666667      -0.164844844507209     
   1.48335208333333        5.92740833333333      -0.159056443398904     
   1.48335208333333        6.22367875000000      -0.153903730063706     
   1.48335208333333        6.51994916666667      -0.149118810219606     
   1.48335208333333        6.81621958333333      -0.144445798512290     
   1.48335208333333        7.11249000000000      -0.139789492046895     
   1.77962250000000       2.000000000000000E-003 -0.446466144552112     
   1.77962250000000       0.298270416666667      -0.442295239855510     
   1.77962250000000       0.594540833333333      -0.430162455151955     
   1.77962250000000       0.890811250000000      -0.412083010053963     
   1.77962250000000        1.18708166666667      -0.390357478601670     
   1.77962250000000        1.48335208333333      -0.367305412714061     
   1.77962250000000        1.77962250000000      -0.344774392376018     
   1.77962250000000        2.07589291666667      -0.323537287107758     
   1.77962250000000        2.37216333333333      -0.304017167627183     
   1.77962250000000        2.66843375000000      -0.286265925604602     
   1.77962250000000        2.96470416666667      -0.270090944203767     
   1.77962250000000        3.26097458333333      -0.255070657249050     
   1.77962250000000        3.55724500000000      -0.240742449931804     
   1.77962250000000        3.85351541666667      -0.226982723952816     
   1.77962250000000        4.14978583333333      -0.214041114019935     
   1.77962250000000        4.44605625000000      -0.202263905462184     
   1.77962250000000        4.74232666666667      -0.191787058070804     
   1.77962250000000        5.03859708333333      -0.182520267742404     
   1.77962250000000        5.33486750000000      -0.174271240359763     
   1.77962250000000        5.63113791666667      -0.167000206772709     
   1.77962250000000        5.92740833333333      -0.160666723696759     
   1.77962250000000        6.22367875000000      -0.155092177281766     
   1.77962250000000        6.51994916666667      -0.150022764813251     
   1.77962250000000        6.81621958333333      -0.145202201312532     
   1.77962250000000        7.11249000000000      -0.140483287281665     
   2.07589291666667       2.000000000000000E-003 -0.483292629754132     
   2.07589291666667       0.298270416666667      -0.478433346293056     
   2.07589291666667       0.594540833333333      -0.464834929190255     
   2.07589291666667       0.890811250000000      -0.444169365182742     
   2.07589291666667        1.18708166666667      -0.419497641517491     
   2.07589291666667        1.48335208333333      -0.393213426879928     
   2.07589291666667        1.77962250000000      -0.367322344135102     
   2.07589291666667        2.07589291666667      -0.343097241321727     
   2.07589291666667        2.37216333333333      -0.320827487030141     
   2.07589291666667        2.66843375000000      -0.300758955521738     
   2.07589291666667        2.96470416666667      -0.282848942728027     
   2.07589291666667        3.26097458333333      -0.266519043747044     
   2.07589291666667        3.55724500000000      -0.250870711689372     
   2.07589291666667        3.85351541666667      -0.235525936952758     
   2.07589291666667        4.14978583333333      -0.220944851442495     
   2.07589291666667        4.44605625000000      -0.207736805196189     
   2.07589291666667        4.74232666666667      -0.196094107780850     
   2.07589291666667        5.03859708333333      -0.185910931427799     
   2.07589291666667        5.33486750000000      -0.176974506411850     
   2.07589291666667        5.63113791666667      -0.169085485637369     
   2.07589291666667        5.92740833333333      -0.162204846263687     
   2.07589291666667        6.22367875000000      -0.156232545135273     
   2.07589291666667        6.51994916666667      -0.150929876429106     
   2.07589291666667        6.81621958333333      -0.145993324277123     
   2.07589291666667        7.11249000000000      -0.141220347088463     
   2.37216333333333       2.000000000000000E-003 -0.521631807563695     
   2.37216333333333       0.298270416666667      -0.516334296845744     
   2.37216333333333       0.594540833333333      -0.501106051063764     
   2.37216333333333       0.890811250000000      -0.477927826118265     
   2.37216333333333        1.18708166666667      -0.449653727539141     
   2.37216333333333        1.48335208333333      -0.419513496207920     
   2.37216333333333        1.77962250000000      -0.390390861429267     
   2.37216333333333        2.07589291666667      -0.362971892437298     
   2.37216333333333        2.37216333333333      -0.337697574222917     
   2.37216333333333        2.66843375000000      -0.315160608004131     
   2.37216333333333        2.96470416666667      -0.295560928385131     
   2.37216333333333        3.26097458333333      -0.278248332991918     
   2.37216333333333        3.55724500000000      -0.261523355516130     
   2.37216333333333        3.85351541666667      -0.244432646420659     
   2.37216333333333        4.14978583333333      -0.227984070299640     
   2.37216333333333        4.44605625000000      -0.213253489059791     
   2.37216333333333        4.74232666666667      -0.200352239043591     
   2.37216333333333        5.03859708333333      -0.189121452949970     
   2.37216333333333        5.33486750000000      -0.179428253318924     
   2.37216333333333        5.63113791666667      -0.171023625028503     
   2.37216333333333        5.92740833333333      -0.163692639580155     
   2.37216333333333        6.22367875000000      -0.157368751906831     
   2.37216333333333        6.51994916666667      -0.151845240686843     
   2.37216333333333        6.81621958333333      -0.146807900167997     
   2.37216333333333        7.11249000000000      -0.141989237263787     
   2.66843375000000       2.000000000000000E-003 -0.560827865125939     
   2.66843375000000       0.298270416666667      -0.554738093268330     
   2.66843375000000       0.594540833333333      -0.537152522194702     
   2.66843375000000       0.890811250000000      -0.510362062016980     
   2.66843375000000        1.18708166666667      -0.477937500754844     
   2.66843375000000        1.48335208333333      -0.444205339057802     
   2.66843375000000        1.77962250000000      -0.412142458874787     
   2.66843375000000        2.07589291666667      -0.381694550050105     
   2.66843375000000        2.37216333333333      -0.353660058033163     
   2.66843375000000        2.66843375000000      -0.328744900939300     
   2.66843375000000        2.96470416666667      -0.307454235057083     
   2.66843375000000        3.26097458333333      -0.289578207198358     
   2.66843375000000        3.55724500000000      -0.272307106161973     
   2.66843375000000        3.85351541666667      -0.253262062871162     
   2.66843375000000        4.14978583333333      -0.234956145724008     
   2.66843375000000        4.44605625000000      -0.218853937180839     
   2.66843375000000        4.74232666666667      -0.204586730715865     
   2.66843375000000        5.03859708333333      -0.192115811588959     
   2.66843375000000        5.33486750000000      -0.181538457041393     
   2.66843375000000        5.63113791666667      -0.172671794153746     
   2.66843375000000        5.92740833333333      -0.165021746267301     
   2.66843375000000        6.22367875000000      -0.158431061533444     
   2.66843375000000        6.51994916666667      -0.152732449956125     
   2.66843375000000        6.81621958333333      -0.147606050383988     
   2.66843375000000        7.11249000000000      -0.142741289880097     
   2.96470416666667       2.000000000000000E-003 -0.594355485344994     
   2.96470416666667       0.298270416666667      -0.587399219931141     
   2.96470416666667       0.594540833333333      -0.567393671166732     
   2.96470416666667       0.890811250000000      -0.537162160653824     
   2.96470416666667        1.18708166666667      -0.501127762497813     
   2.96470416666667        1.48335208333333      -0.464902226237713     
   2.96470416666667        1.77962250000000      -0.430222081057402     
   2.96470416666667        2.07589291666667      -0.397489101803713     
   2.96470416666667        2.37216333333333      -0.367607581466100     
   2.96470416666667        2.66843375000000      -0.341006071823803     
   2.96470416666667        2.96470416666667      -0.317998457872598     
   2.96470416666667        3.26097458333333      -0.299279701178490     
   2.96470416666667        3.55724500000000      -0.282154477819194     
   2.96470416666667        3.85351541666667      -0.261254970666718     
   2.96470416666667        4.14978583333333      -0.242168120362137     
   2.96470416666667        4.44605625000000      -0.224958097124200     
   2.96470416666667        4.74232666666667      -0.208885673849355     
   2.96470416666667        5.03859708333333      -0.194835473629105     
   2.96470416666667        5.33486750000000      -0.183237592174567     
   2.96470416666667        5.63113791666667      -0.173883784141640     
   2.96470416666667        5.92740833333333      -0.166068187230743     
   2.96470416666667        6.22367875000000      -0.159303451511620     
   2.96470416666667        6.51994916666667      -0.153478936859084     
   2.96470416666667        6.81621958333333      -0.148283552722967     
   2.96470416666667        7.11249000000000      -0.143379813881436     
   3.26097458333333       2.000000000000000E-003 -0.616904696356255     
   3.26097458333333       0.298270416666667      -0.609250184520049     
   3.26097458333333       0.594540833333333      -0.587424836096328     
   3.26097458333333       0.890811250000000      -0.554768663716244     
   3.26097458333333        1.18708166666667      -0.516373516848220     
   3.26097458333333        1.48335208333333      -0.478502420810755     
   3.26097458333333        1.77962250000000      -0.442355106876259     
   3.26097458333333        2.07589291666667      -0.408386494943772     
   3.26097458333333        2.37216333333333      -0.377846195189798     
   3.26097458333333        2.66843375000000      -0.351154559772231     
   3.26097458333333        2.96470416666667      -0.327772990483142     
   3.26097458333333        3.26097458333333      -0.306555844689090     
   3.26097458333333        3.55724500000000      -0.288177064435003     
   3.26097458333333        3.85351541666667      -0.268397602949021     
   3.26097458333333        4.14978583333333      -0.250985719494745     
   3.26097458333333        4.44605625000000      -0.231528481304805     
   3.26097458333333        4.74232666666667      -0.212764578119684     
   3.26097458333333        5.03859708333333      -0.196944039953446     
   3.26097458333333        5.33486750000000      -0.184391963949953     
   3.26097458333333        5.63113791666667      -0.174631115005987     
   3.26097458333333        5.92740833333333      -0.166730683610187     
   3.26097458333333        6.22367875000000      -0.159877814242245     
   3.26097458333333        6.51994916666667      -0.153979270079947     
   3.26097458333333        6.81621958333333      -0.148740263199927     
   3.26097458333333        7.11249000000000      -0.143810355063576     
   3.55724500000000       2.000000000000000E-003 -0.624909483589609     
   3.55724500000000       0.298270416666667      -0.616961410061718     
   3.55724500000000       0.594540833333333      -0.594429780373386     
   3.55724500000000       0.890811250000000      -0.560892895252352     
   3.55724500000000        1.18708166666667      -0.521689975248432     
   3.55724500000000        1.48335208333333      -0.483370963166261     
   3.55724500000000        1.77962250000000      -0.446524134875582     
   3.55724500000000        2.07589291666667      -0.412289109878042     
   3.55724500000000        2.37216333333333      -0.381745657614897     
   3.55724500000000        2.66843375000000      -0.355627723489636     
   3.55724500000000        2.96470416666667      -0.333455368662485     
   3.55724500000000        3.26097458333333      -0.311867775174154     
   3.55724500000000        3.55724500000000      -0.287637337686594     
   3.55724500000000        3.85351541666667      -0.273692548166962     
   3.55724500000000        4.14978583333333      -0.257042178206178     
   3.55724500000000        4.44605625000000      -0.234996939627152     
   3.55724500000000        4.74232666666667      -0.214491802841580     
   3.55724500000000        5.03859708333333      -0.197788515368684     
   3.55724500000000        5.33486750000000      -0.184824785622840     
   3.55724500000000        5.63113791666667      -0.174882480354011     
   3.55724500000000        5.92740833333333      -0.166955653121279     
   3.55724500000000        6.22367875000000      -0.160077741876706     
   3.55724500000000        6.51994916666667      -0.154155138195964     
   3.55724500000000        6.81621958333333      -0.148901247481773     
   3.55724500000000        7.11249000000000      -0.143961979219061     
   3.85351541666667       2.000000000000000E-003 -0.616904981417379     
   3.85351541666667       0.298270416666667      -0.609248773885254     
   3.85351541666667       0.594540833333333      -0.587421744975549     
   3.85351541666667       0.890811250000000      -0.554763791397511     
   3.85351541666667        1.18708166666667      -0.516366250094575     
   3.85351541666667        1.48335208333333      -0.478490711283103     
   3.85351541666667        1.77962250000000      -0.442335260316027     
   3.85351541666667        2.07589291666667      -0.408353896279149     
   3.85351541666667        2.37216333333333      -0.377795643001938     
   3.85351541666667        2.66843375000000      -0.351082806722375     
   3.85351541666667        2.96470416666667      -0.327690303203127     
   3.85351541666667        3.26097458333333      -0.306512048620260     
   3.85351541666667        3.55724500000000      -0.288165396751669     
   3.85351541666667        3.85351541666667      -0.268475246325303     
   3.85351541666667        4.14978583333333      -0.251131287936342     
   3.85351541666667        4.44605625000000      -0.231624255468849     
   3.85351541666667        4.74232666666667      -0.212810162205607     
   3.85351541666667        5.03859708333333      -0.196961482159102     
   3.85351541666667        5.33486750000000      -0.184396555268026     
   3.85351541666667        5.63113791666667      -0.174631001843535     
   3.85351541666667        5.92740833333333      -0.166729338391656     
   3.85351541666667        6.22367875000000      -0.159876214981907     
   3.85351541666667        6.51994916666667      -0.153977611692362     
   3.85351541666667        6.81621958333333      -0.148738415533022     
   3.85351541666667        7.11249000000000      -0.143808083876188     
   4.14978583333333       2.000000000000000E-003 -0.594355987484451     
   4.14978583333333       0.298270416666667      -0.587396334368558     
   4.14978583333333       0.594540833333333      -0.567387561053997     
   4.14978583333333       0.890811250000000      -0.537152825657681     
   4.14978583333333        1.18708166666667      -0.501114341760714     
   4.14978583333333        1.48335208333333      -0.464881826524572     
   4.14978583333333        1.77962250000000      -0.430189664397785     
   4.14978583333333        2.07589291666667      -0.397439774324751     
   4.14978583333333        2.37216333333333      -0.367539539538857     
   4.14978583333333        2.66843375000000      -0.340928235227935     
   4.14978583333333        2.96470416666667      -0.317940601691047     
   4.14978583333333        3.26097458333333      -0.299265889576670     
   4.14978583333333        3.55724500000000      -0.282126436705743     
   4.14978583333333        3.85351541666667      -0.261261728543653     
   4.14978583333333        4.14978583333333      -0.242253737179351     
   4.14978583333333        4.44605625000000      -0.225040994790559     
   4.14978583333333        4.74232666666667      -0.208932709514965     
   4.14978583333333        5.03859708333333      -0.194854067309046     
   4.14978583333333        5.33486750000000      -0.183241253866302     
   4.14978583333333        5.63113791666667      -0.173881858545130     
   4.14978583333333        5.92740833333333      -0.166064880884079     
   4.14978583333333        6.22367875000000      -0.159299882542291     
   4.14978583333333        6.51994916666667      -0.153475280650872     
   4.14978583333333        6.81621958333333      -0.148279519983607     
   4.14978583333333        7.11249000000000      -0.143375003294352     
   4.44605625000000       2.000000000000000E-003 -0.560828433408949     
   4.44605625000000       0.298270416666667      -0.554733575474331     
   4.44605625000000       0.594540833333333      -0.537143304628295     
   4.44605625000000       0.890811250000000      -0.510348536779688     
   4.44605625000000        1.18708166666667      -0.477919225834081     
   4.44605625000000        1.48335208333333      -0.444180105143217     
   4.44605625000000        1.77962250000000      -0.412105884100204     
   4.44605625000000        2.07589291666667      -0.381644307539675     
   4.44605625000000        2.37216333333333      -0.353600025048052     
   4.44605625000000        2.66843375000000      -0.328689298482052     
   4.44605625000000        2.96470416666667      -0.307423627738536     
   4.44605625000000        3.26097458333333      -0.289569927680116     
   4.44605625000000        3.55724500000000      -0.272285970129378     
   4.44605625000000        3.85351541666667      -0.253244095806449     
   4.44605625000000        4.14978583333333      -0.234973901187910     
   4.44605625000000        4.44605625000000      -0.218885920945493     
   4.44605625000000        4.74232666666667      -0.204608405031510     
   4.44605625000000        5.03859708333333      -0.192122845391245     
   4.44605625000000        5.33486750000000      -0.181536376279848     
   4.44605625000000        5.63113791666667      -0.172666507642399     
   4.44605625000000        5.92740833333333      -0.165015654073534     
   4.44605625000000        6.22367875000000      -0.158424833723797     
   4.44605625000000        6.51994916666667      -0.152726051339923     
   4.44605625000000        6.81621958333333      -0.147599068458079     
   4.44605625000000        7.11249000000000      -0.142733312081847     
   4.74232666666667       2.000000000000000E-003 -0.521632272699249     
   4.74232666666667       0.298270416666667      -0.516327344147982     
   4.74232666666667       0.594540833333333      -0.501092771873577     
   4.74232666666667       0.890811250000000      -0.477909567354069     
   4.74232666666667        1.18708166666667      -0.449631097556291     
   4.74232666666667        1.48335208333333      -0.419485532313243     
   4.74232666666667        1.77962250000000      -0.390355019495962     
   4.74232666666667        2.07589291666667      -0.362927841597536     
   4.74232666666667        2.37216333333333      -0.337651048002386     
   4.74232666666667        2.66843375000000      -0.315123206463806     
   4.74232666666667        2.96470416666667      -0.295542663612381     
   4.74232666666667        3.26097458333333      -0.278243085035384     
   4.74232666666667        3.55724500000000      -0.261513251905404     
   4.74232666666667        3.85351541666667      -0.244418189565682     
   4.74232666666667        4.14978583333333      -0.227978078225887     
   4.74232666666667        4.44605625000000      -0.213254823175497     
   4.74232666666667        4.74232666666667      -0.200352249378342     
   4.74232666666667        5.03859708333333      -0.189116509690219     
   4.74232666666667        5.33486750000000      -0.179420087403696     
   4.74232666666667        5.63113791666667      -0.171014488088849     
   4.74232666666667        5.92740833333333      -0.163683044694236     
   4.74232666666667        6.22367875000000      -0.157358836810966     
   4.74232666666667        6.51994916666667      -0.151834754179307     
   4.74232666666667        6.81621958333333      -0.146796459183435     
   4.74232666666667        7.11249000000000      -0.141976739033919     
   5.03859708333333       2.000000000000000E-003 -0.483292788765528     
   5.03859708333333       0.298270416666667      -0.478421667815724     
   5.03859708333333       0.594540833333333      -0.464814441400971     
   5.03859708333333       0.890811250000000      -0.444144074137584     
   5.03859708333333        1.18708166666667      -0.419469652757880     
   5.03859708333333        1.48335208333333      -0.393182889447946     
   5.03859708333333        1.77962250000000      -0.367288415104103     
   5.03859708333333        2.07589291666667      -0.343059808006747     
   5.03859708333333        2.37216333333333      -0.320791278959059     
   5.03859708333333        2.66843375000000      -0.300731847168980     
   5.03859708333333        2.96470416666667      -0.282835938775711     
   5.03859708333333        3.26097458333333      -0.266516079714692     
   5.03859708333333        3.55724500000000      -0.250868050418674     
   5.03859708333333        3.85351541666667      -0.235519401213172     
   5.03859708333333        4.14978583333333      -0.220936945016921     
   5.03859708333333        4.44605625000000      -0.207728843941456     
   5.03859708333333        4.74232666666667      -0.196084894321658     
   5.03859708333333        5.03859708333333      -0.185900025320950     
   5.03859708333333        5.33486750000000      -0.176962720956477     
   5.03859708333333        5.63113791666667      -0.169072762956353     
   5.03859708333333        5.92740833333333      -0.162191031107498     
   5.03859708333333        6.22367875000000      -0.156217350583487     
   5.03859708333333        6.51994916666667      -0.150912893016881     
   5.03859708333333        6.81621958333333      -0.145974479384278     
   5.03859708333333        7.11249000000000      -0.141200549255292     
   5.33486750000000       2.000000000000000E-003 -0.446466155356431     
   5.33486750000000       0.298270416666667      -0.442275344146064     
   5.33486750000000       0.594540833333333      -0.430129929492346     
   5.33486750000000       0.890811250000000      -0.412046267582321     
   5.33486750000000        1.18708166666667      -0.390321540267142     
   5.33486750000000        1.48335208333333      -0.367271420154960     
   5.33486750000000        1.77962250000000      -0.344741237408939     
   5.33486750000000        2.07589291666667      -0.323504920112529     
   5.33486750000000        2.37216333333333      -0.303987851164950     
   5.33486750000000        2.66843375000000      -0.286244488638735     
   5.33486750000000        2.96470416666667      -0.270080390784202     
   5.33486750000000        3.26097458333333      -0.255068910979217     
   5.33486750000000        3.55724500000000      -0.240743669413045     
   5.33486750000000        3.85351541666667      -0.226982196008056     
   5.33486750000000        4.14978583333333      -0.214037220893443     
   5.33486750000000        4.44605625000000      -0.202256810491080     
   5.33486750000000        4.74232666666667      -0.191777344511547     
   5.33486750000000        5.03859708333333      -0.182508691572054     
   5.33486750000000        5.33486750000000      -0.174257706847565     
   5.33486750000000        5.63113791666667      -0.166984258408592     
   5.33486750000000        5.92740833333333      -0.160647630459226     
   5.33486750000000        6.22367875000000      -0.155068997982788     
   5.33486750000000        6.51994916666667      -0.149994749037555     
   5.33486750000000        6.81621958333333      -0.145170701854131     
   5.33486750000000        7.11249000000000      -0.140452367977109     
   5.63113791666667       2.000000000000000E-003 -0.412226371211957     
   5.63113791666667       0.298270416666667      -0.408282116123590     
   5.63113791666667       0.594540833333333      -0.397359749920138     
   5.63113791666667       0.890811250000000      -0.381576109949700     
   5.63113791666667        1.18708166666667      -0.362878656831366     
   5.63113791666667        1.48335208333333      -0.343027993798374     
   5.63113791666667        1.77962250000000      -0.323491331959117     
   5.63113791666667        2.07589291666667      -0.305073546014219     
   5.63113791666667        2.37216333333333      -0.287986718158940     
   5.63113791666667        2.66843375000000      -0.272275356568484     
   5.63113791666667        2.96470416666667      -0.257780220999949     
   5.63113791666667        3.26097458333333      -0.244196406765092     
   5.63113791666667        3.55724500000000      -0.231268443493460     
   5.63113791666667        3.85351541666667      -0.218963139699248     
   5.63113791666667        4.14978583333333      -0.207453484822123     
   5.63113791666667        4.44605625000000      -0.196944351934533     
   5.63113791666667        4.74232666666667      -0.187467875302458     
   5.63113791666667        5.03859708333333      -0.178975182502416     
   5.63113791666667        5.33486750000000      -0.171432961468574     
   5.63113791666667        5.63113791666667      -0.164825970916193     
   5.63113791666667        5.92740833333333      -0.159031502760596     
   5.63113791666667        6.22367875000000      -0.153870174600657     
   5.63113791666667        6.51994916666667      -0.149074795650035     
   5.63113791666667        6.81621958333333      -0.144395107016715     
   5.63113791666667        7.11249000000000      -0.139743020852496     
   5.92740833333333       2.000000000000000E-003 -0.381684601726216     
   5.92740833333333       0.298270416666667      -0.377707145809861     
   5.92740833333333       0.594540833333333      -0.367459829196038     
   5.92740833333333       0.890811250000000      -0.353533558481931     
   5.92740833333333        1.18708166666667      -0.337599159372030     
   5.92740833333333        1.48335208333333      -0.320752582838950     
   5.92740833333333        1.77962250000000      -0.303964152251048     
   5.92740833333333        2.07589291666667      -0.287976640738263     
   5.92740833333333        2.37216333333333      -0.273040216377425     
   5.92740833333333        2.66843375000000      -0.259152699744473     
   5.92740833333333        2.96470416666667      -0.246202792236168     
   5.92740833333333        3.26097458333333      -0.234013880381048     
   5.92740833333333        3.55724500000000      -0.222448122956858     
   5.92740833333333        3.85351541666667      -0.211487969892378     
   5.92740833333333        4.14978583333333      -0.201220274854823     
   5.92740833333333        4.44605625000000      -0.191747100125909     
   5.92740833333333        4.74232666666667      -0.183126677012758     
   5.92740833333333        5.03859708333333      -0.175383392157053     
   5.92740833333333        5.33486750000000      -0.168537592138123     
   5.92740833333333        5.63113791666667      -0.162538500366088     
   5.92740833333333        5.92740833333333      -0.157278574695958     
   5.92740833333333        6.22367875000000      -0.152578252298018     
   5.92740833333333        6.51994916666667      -0.148134894050296     
   5.92740833333333        6.81621958333333      -0.143633239068063     
   5.92740833333333        7.11249000000000      -0.139037690825154     
   6.22367875000000       2.000000000000000E-003 -0.355568429369710     
   6.22367875000000       0.298270416666667      -0.350989830085393     
   6.22367875000000       0.594540833333333      -0.340846460995350     
   6.22367875000000       0.890811250000000      -0.328622761789507     
   6.22367875000000        1.18708166666667      -0.315067512767148     
   6.22367875000000        1.48335208333333      -0.300688374672762     
   6.22367875000000        1.77962250000000      -0.286214708898857     
   6.22367875000000        2.07589291666667      -0.272258407199730     
   6.22367875000000        2.37216333333333      -0.259146112863838     
   6.22367875000000        2.66843375000000      -0.246895843599740     
   6.22367875000000        2.96470416666667      -0.235409102532861     
   6.22367875000000        3.26097458333333      -0.224559158759639     
   6.22367875000000        3.55724500000000      -0.214250978631415     
   6.22367875000000        3.85351541666667      -0.204462935621487     
   6.22367875000000        4.14978583333333      -0.195242967656767     
   6.22367875000000        4.44605625000000      -0.186671119610006     
   6.22367875000000        4.74232666666667      -0.178824904406526     
   6.22367875000000        5.03859708333333      -0.171767087794145     
   6.22367875000000        5.33486750000000      -0.165530127787404     
   6.22367875000000        5.63113791666667      -0.160063196546058     
   6.22367875000000        5.92740833333333      -0.155295753357703     
   6.22367875000000        6.22367875000000      -0.151071218733259     
   6.22367875000000        6.51994916666667      -0.147066105163339     
   6.22367875000000        6.81621958333333      -0.142824407598786     
   6.22367875000000        7.11249000000000      -0.138269564616920     
   6.51994916666667       2.000000000000000E-003 -0.333401309203918     
   6.51994916666667       0.298270416666667      -0.327600274320833     
   6.51994916666667       0.594540833333333      -0.317861031007462     
   6.51994916666667       0.890811250000000      -0.307351132012558     
   6.51994916666667        1.18708166666667      -0.295483060559740     
   6.51994916666667        1.48335208333333      -0.282790204247514     
   6.51994916666667        1.77962250000000      -0.270048932925672     
   6.51994916666667        2.07589291666667      -0.257760713203356     
   6.51994916666667        2.37216333333333      -0.246192972661295     
   6.51994916666667        2.66843375000000      -0.235405607429452     
   6.51994916666667        2.96470416666667      -0.225277836493012     
   6.51994916666667        3.26097458333333      -0.215686023774309     
   6.51994916666667        3.55724500000000      -0.206536780869814     
   6.51994916666667        3.85351541666667      -0.197796351759293     
   6.51994916666667        4.14978583333333      -0.189497889135354     
   6.51994916666667        4.44605625000000      -0.181721622469400     
   6.51994916666667        4.74232666666667      -0.174562399744435     
   6.51994916666667        5.03859708333333      -0.168100535912841     
   6.51994916666667        5.33486750000000      -0.162369955407176     
   6.51994916666667        5.63113791666667      -0.157341994651104     
   6.51994916666667        5.92740833333333      -0.152965277471864     
   6.51994916666667        6.22367875000000      -0.149132011060089     
   6.51994916666667        6.51994916666667      -0.145623883880661     
   6.51994916666667        6.81621958333333      -0.141907212227977     
   6.51994916666667        7.11249000000000      -0.137461796291209     
   6.81621958333333       2.000000000000000E-003 -0.311838154966498     
   6.81621958333333       0.298270416666667      -0.306435425742190     
   6.81621958333333       0.594540833333333      -0.299178436030042     
   6.81621958333333       0.890811250000000      -0.289491095624183     
   6.81621958333333        1.18708166666667      -0.278183022667952     
   6.81621958333333        1.48335208333333      -0.266475082661845     
   6.81621958333333        1.77962250000000      -0.255041020398741     
   6.81621958333333        2.07589291666667      -0.244178149733938     
   6.81621958333333        2.37216333333333      -0.234003757647539     
   6.81621958333333        2.66843375000000      -0.224554388745963     
   6.81621958333333        2.96470416666667      -0.215684329467343     
   6.81621958333333        3.26097458333333      -0.207258510259728     
   6.81621958333333        3.55724500000000      -0.199172083395726     
   6.81621958333333        3.85351541666667      -0.191377821990261     
   6.81621958333333        4.14978583333333      -0.183903802135292     
   6.81621958333333        4.44605625000000      -0.176838022920242     
   6.81621958333333        4.74232666666667      -0.170289072113907     
   6.81621958333333        5.03859708333333      -0.164344146067731     
   6.81621958333333        5.33486750000000      -0.159044234899434     
   6.81621958333333        5.63113791666667      -0.154375216306556     
   6.81621958333333        5.92740833333333      -0.150273361057013     
   6.81621958333333        6.22367875000000      -0.146643693823500     
   6.81621958333333        6.51994916666667      -0.143457207110350     
   6.81621958333333        6.81621958333333      -0.140639234796423     
   6.81621958333333        7.11249000000000      -0.136688950687430     
   7.11249000000000       2.000000000000000E-003 -0.287606562586215     
   7.11249000000000       0.298270416666667      -0.288131924606450     
   7.11249000000000       0.594540833333333      -0.282066310112974     
   7.11249000000000       0.890811250000000      -0.272232635926808     
   7.11249000000000        1.18708166666667      -0.261470828574139     
   7.11249000000000        1.48335208333333      -0.250837400372366     
   7.11249000000000        1.77962250000000      -0.240723159069930     
   7.11249000000000        2.07589291666667      -0.231254726390148     
   7.11249000000000        2.37216333333333      -0.222439477296629     
   7.11249000000000        2.66843375000000      -0.214245995033839     
   7.11249000000000        2.96470416666667      -0.206534132388372     
   7.11249000000000        3.26097458333333      -0.199170894031295     
   7.11249000000000        3.55724500000000      -0.192045158404546     
   7.11249000000000        3.85351541666667      -0.185102147915900     
   7.11249000000000        4.14978583333333      -0.178370778230006     
   7.11249000000000        4.44605625000000      -0.171948719709661     
   7.11249000000000        4.74232666666667      -0.165954974854443     
   7.11249000000000        5.03859708333333      -0.160477511490876     
   7.11249000000000        5.33486750000000      -0.155577440621098     
   7.11249000000000        5.63113791666667      -0.151241542287035     
   7.11249000000000        5.92740833333333      -0.147400979497342     
   7.11249000000000        6.22367875000000      -0.143944894100464     
   7.11249000000000        6.51994916666667      -0.140868854111472     
   7.11249000000000        6.81621958333333      -0.138218521372369     
   7.11249000000000        7.11249000000000      -0.134666322555529     
