  2.000000000000000E-003  2.000000000000000E-003 -0.215156043057830     
  2.000000000000000E-003  0.298270416666667      -0.225398681740577     
  2.000000000000000E-003  0.594540833333333      -0.232204314699181     
  2.000000000000000E-003  0.890811250000000      -0.238035300723141     
  2.000000000000000E-003   1.18708166666667      -0.243841452917135     
  2.000000000000000E-003   1.48335208333333      -0.250003852407303     
  2.000000000000000E-003   1.77962250000000      -0.256747841562307     
  2.000000000000000E-003   2.07589291666667      -0.263937152416874     
  2.000000000000000E-003   2.37216333333333      -0.271117311292139     
  2.000000000000000E-003   2.66843375000000      -0.277605961207648     
  2.000000000000000E-003   2.96470416666667      -0.282897385302299     
  2.000000000000000E-003   3.26097458333333      -0.286404656106531     
  2.000000000000000E-003   3.55724500000000      -0.287637531382398     
  2.000000000000000E-003   3.85351541666667      -0.286407428762172     
  2.000000000000000E-003   4.14978583333333      -0.282901174464065     
  2.000000000000000E-003   4.44605625000000      -0.277607083351896     
  2.000000000000000E-003   4.74232666666667      -0.271109434422941     
  2.000000000000000E-003   5.03859708333333      -0.263909507443095     
  2.000000000000000E-003   5.33486750000000      -0.256685926226599     
  2.000000000000000E-003   5.63113791666667      -0.249888211617092     
  2.000000000000000E-003   5.92740833333333      -0.243649768728717     
  2.000000000000000E-003   6.22367875000000      -0.237751689848711     
  2.000000000000000E-003   6.51994916666667      -0.231857359915835     
  2.000000000000000E-003   6.81621958333333      -0.225126869931220     
  2.000000000000000E-003   7.11249000000000      -0.215017563494979     
  0.298270416666667       2.000000000000000E-003 -0.225398699076413     
  0.298270416666667       0.298270416666667      -0.236481497344928     
  0.298270416666667       0.594540833333333      -0.244081640109551     
  0.298270416666667       0.890811250000000      -0.250376263901129     
  0.298270416666667        1.18708166666667      -0.257211506651650     
  0.298270416666667        1.48335208333333      -0.265070967447566     
  0.298270416666667        1.77962250000000      -0.273950313467150     
  0.298270416666667        2.07589291666667      -0.283515267183419     
  0.298270416666667        2.37216333333333      -0.293035710484236     
  0.298270416666667        2.66843375000000      -0.301644037878232     
  0.298270416666667        2.96470416666667      -0.308678050882232     
  0.298270416666667        3.26097458333333      -0.313345754452058     
  0.298270416666667        3.55724500000000      -0.314986671475671     
  0.298270416666667        3.85351541666667      -0.313345640708149     
  0.298270416666667        4.14978583333333      -0.308676900051815     
  0.298270416666667        4.44605625000000      -0.301639811088300     
  0.298270416666667        4.74232666666667      -0.293024410191583     
  0.298270416666667        5.03859708333333      -0.283489460472928     
  0.298270416666667        5.33486750000000      -0.273899866540274     
  0.298270416666667        5.63113791666667      -0.264984066721608     
  0.298270416666667        5.92740833333333      -0.257078295281920     
  0.298270416666667        6.22367875000000      -0.250204458027443     
  0.298270416666667        6.51994916666667      -0.243926066860816     
  0.298270416666667        6.81621958333333      -0.236368024706468     
  0.298270416666667        7.11249000000000      -0.225127136418388     
  0.594540833333333       2.000000000000000E-003 -0.232204298483347     
  0.594540833333333       0.298270416666667      -0.244081442401533     
  0.594540833333333       0.594540833333333      -0.253270131631928     
  0.594540833333333       0.890811250000000      -0.261649872254999     
  0.594540833333333        1.18708166666667      -0.270889179406854     
  0.594540833333333        1.48335208333333      -0.281602639370359     
  0.594540833333333        1.77962250000000      -0.293702443364631     
  0.594540833333333        2.07589291666667      -0.306685986532603     
  0.594540833333333        2.37216333333333      -0.319586569616165     
  0.594540833333333        2.66843375000000      -0.331319027561118     
  0.594540833333333        2.96470416666667      -0.340954796543423     
  0.594540833333333        3.26097458333333      -0.347361980152210     
  0.594540833333333        3.55724500000000      -0.349615845243146     
  0.594540833333333        3.85351541666667      -0.347358925690787     
  0.594540833333333        4.14978583333333      -0.340948710892423     
  0.594540833333333        4.44605625000000      -0.331309833380137     
  0.594540833333333        4.74232666666667      -0.319573533357177     
  0.594540833333333        5.03859708333333      -0.306666952317692     
  0.594540833333333        5.33486750000000      -0.293675162963093     
  0.594540833333333        5.63113791666667      -0.281567307931374     
  0.594540833333333        5.92740833333333      -0.270852499947070     
  0.594540833333333        6.22367875000000      -0.261628334015628     
  0.594540833333333        6.51994916666667      -0.253256659224278     
  0.594540833333333        6.81621958333333      -0.243926455582880     
  0.594540833333333        7.11249000000000      -0.231857836160179     
  0.890811250000000       2.000000000000000E-003 -0.238035212502484     
  0.890811250000000       0.298270416666667      -0.250376036783945     
  0.890811250000000       0.594540833333333      -0.261649730371730     
  0.890811250000000       0.890811250000000      -0.273031010738079     
  0.890811250000000        1.18708166666667      -0.285807714934508     
  0.890811250000000        1.48335208333333      -0.300536876265083     
  0.890811250000000        1.77962250000000      -0.317137111104721     
  0.890811250000000        2.07589291666667      -0.334952866340140     
  0.890811250000000        2.37216333333333      -0.352646046070904     
  0.890811250000000        2.66843375000000      -0.369018873747846     
  0.890811250000000        2.96470416666667      -0.382584615715155     
  0.890811250000000        3.26097458333333      -0.391643452697974     
  0.890811250000000        3.55724500000000      -0.394835250962287     
  0.890811250000000        3.85351541666667      -0.391637063187337     
  0.890811250000000        4.14978583333333      -0.382572775732688     
  0.890811250000000        4.44605625000000      -0.369003428399400     
  0.890811250000000        4.74232666666667      -0.352629265973030     
  0.890811250000000        5.03859708333333      -0.334937372359300     
  0.890811250000000        5.33486750000000      -0.317126216968005     
  0.890811250000000        5.63113791666667      -0.300536079896972     
  0.890811250000000        5.92740833333333      -0.285822554907505     
  0.890811250000000        6.22367875000000      -0.273054858874639     
  0.890811250000000        6.51994916666667      -0.261628515672132     
  0.890811250000000        6.81621958333333      -0.250204820906270     
  0.890811250000000        7.11249000000000      -0.237752027920450     
   1.18708166666667       2.000000000000000E-003 -0.243841264284644     
   1.18708166666667       0.298270416666667      -0.257211274191138     
   1.18708166666667       0.594540833333333      -0.270888996226240     
   1.18708166666667       0.890811250000000      -0.285807632797749     
   1.18708166666667        1.18708166666667      -0.302964682771923     
   1.18708166666667        1.48335208333333      -0.322869423026097     
   1.18708166666667        1.77962250000000      -0.345432183536242     
   1.18708166666667        2.07589291666667      -0.369773890347898     
   1.18708166666667        2.37216333333333      -0.394384700197111     
   1.18708166666667        2.66843375000000      -0.417644748663290     
   1.18708166666667        2.96470416666667      -0.437184080052242     
   1.18708166666667        3.26097458333333      -0.450353528056902     
   1.18708166666667        3.55724500000000      -0.455015966711029     
   1.18708166666667        3.85351541666667      -0.450343188708364     
   1.18708166666667        4.14978583333333      -0.437165236254363     
   1.18708166666667        4.44605625000000      -0.417620857412701     
   1.18708166666667        4.74232666666667      -0.394360292394294     
   1.18708166666667        5.03859708333333      -0.369754206597870     
   1.18708166666667        5.33486750000000      -0.345422938711628     
   1.18708166666667        5.63113791666667      -0.322875515330591     
   1.18708166666667        5.92740833333333      -0.302984704560186     
   1.18708166666667        6.22367875000000      -0.285822661108213     
   1.18708166666667        6.51994916666667      -0.270852677055489     
   1.18708166666667        6.81621958333333      -0.257078577524598     
   1.18708166666667        7.11249000000000      -0.243650018189312     
   1.48335208333333       2.000000000000000E-003 -0.250003589373216     
   1.48335208333333       0.298270416666667      -0.265070730576303     
   1.48335208333333       0.594540833333333      -0.281602455690443     
   1.48335208333333       0.890811250000000      -0.300536763913307     
   1.48335208333333        1.18708166666667      -0.322869374309842     
   1.48335208333333        1.48335208333333      -0.349204741557499     
   1.48335208333333        1.77962250000000      -0.379422669972584     
   1.48335208333333        2.07589291666667      -0.412490655567646     
   1.48335208333333        2.37216333333333      -0.447000706903455     
   1.48335208333333        2.66843375000000      -0.480464563760114     
   1.48335208333333        2.96470416666667      -0.509223656331845     
   1.48335208333333        3.26097458333333      -0.529031857059701     
   1.48335208333333        3.55724500000000      -0.536115195097273     
   1.48335208333333        3.85351541666667      -0.529016251246436     
   1.48335208333333        4.14978583333333      -0.509195445402217     
   1.48335208333333        4.44605625000000      -0.480429549963905     
   1.48335208333333        4.74232666666667      -0.446965154373793     
   1.48335208333333        5.03859708333333      -0.412460677939824     
   1.48335208333333        5.33486750000000      -0.379404047460663     
   1.48335208333333        5.63113791666667      -0.349200679412334     
   1.48335208333333        5.92740833333333      -0.322875557999184     
   1.48335208333333        6.22367875000000      -0.300536175068101     
   1.48335208333333        6.51994916666667      -0.281567430784800     
   1.48335208333333        6.81621958333333      -0.264984291609320     
   1.48335208333333        7.11249000000000      -0.249888440242589     
   1.77962250000000       2.000000000000000E-003 -0.256747564058513     
   1.77962250000000       0.298270416666667      -0.273950090983500     
   1.77962250000000       0.594540833333333      -0.293702275241007     
   1.77962250000000       0.890811250000000      -0.317136992279646     
   1.77962250000000        1.18708166666667      -0.345432105972319     
   1.77962250000000        1.48335208333333      -0.379422629897541     
   1.77962250000000        1.77962250000000      -0.419103239039973     
   1.77962250000000        2.07589291666667      -0.463995035040415     
   1.77962250000000        2.37216333333333      -0.512457452571849     
   1.77962250000000        2.66843375000000      -0.561270396943044     
   1.77962250000000        2.96470416666667      -0.604916037600165     
   1.77962250000000        3.26097458333333      -0.635975411865289     
   1.77962250000000        3.55724500000000      -0.647323054954238     
   1.77962250000000        3.85351541666667      -0.635955016038322     
   1.77962250000000        4.14978583333333      -0.604878653162791     
   1.77962250000000        4.44605625000000      -0.561222455332888     
   1.77962250000000        4.74232666666667      -0.512407686416736     
   1.77962250000000        5.03859708333333      -0.463952173324409     
   1.77962250000000        5.33486750000000      -0.419071703637236     
   1.77962250000000        5.63113791666667      -0.379404070828575     
   1.77962250000000        5.92740833333333      -0.345422964278907     
   1.77962250000000        6.22367875000000      -0.317126261606797     
   1.77962250000000        6.51994916666667      -0.293675215760000     
   1.77962250000000        6.81621958333333      -0.273899999948630     
   1.77962250000000        7.11249000000000      -0.256686040670037     
   2.07589291666667       2.000000000000000E-003 -0.263936911972082     
   2.07589291666667       0.298270416666667      -0.283515078500661     
   2.07589291666667       0.594540833333333      -0.306685840603123     
   2.07589291666667       0.890811250000000      -0.334952750036707     
   2.07589291666667        1.18708166666667      -0.369773792622020     
   2.07589291666667        1.48335208333333      -0.412490574754449     
   2.07589291666667        1.77962250000000      -0.463994982522614     
   2.07589291666667        2.07589291666667      -0.524369467701883     
   2.07589291666667        2.37216333333333      -0.592445100864963     
   2.07589291666667        2.66843375000000      -0.664541935321862     
   2.07589291666667        2.96470416666667      -0.732662538072441     
   2.07589291666667        3.26097458333333      -0.783681924708555     
   2.07589291666667        3.55724500000000      -0.802929726231046     
   2.07589291666667        3.85351541666667      -0.783660372629232     
   2.07589291666667        4.14978583333333      -0.732621171398277     
   2.07589291666667        4.44605625000000      -0.664486182290073     
   2.07589291666667        4.74232666666667      -0.592384477003892     
   2.07589291666667        5.03859708333333      -0.524314065997805     
   2.07589291666667        5.33486750000000      -0.463952246856534     
   2.07589291666667        5.63113791666667      -0.412460804062146     
   2.07589291666667        5.92740833333333      -0.369754247492561     
   2.07589291666667        6.22367875000000      -0.334937447913455     
   2.07589291666667        6.51994916666667      -0.306667015209662     
   2.07589291666667        6.81621958333333      -0.283489506542130     
   2.07589291666667        7.11249000000000      -0.263909563066772     
   2.37216333333333       2.000000000000000E-003 -0.271117112635786     
   2.37216333333333       0.298270416666667      -0.293035549843056     
   2.37216333333333       0.594540833333333      -0.319586437947827     
   2.37216333333333       0.890811250000000      -0.352645926200441     
   2.37216333333333        1.18708166666667      -0.394384577065850     
   2.37216333333333        1.48335208333333      -0.447000576713428     
   2.37216333333333        1.77962250000000      -0.512457328320060     
   2.37216333333333        2.07589291666667      -0.592445018494450     
   2.37216333333333        2.37216333333333      -0.687425508599542     
   2.37216333333333        2.66843375000000      -0.794509937625900     
   2.37216333333333        2.96470416666667      -0.903180976740361     
   2.37216333333333        3.26097458333333      -0.990383257731316     
   2.37216333333333        3.55724500000000       -1.02478506795614     
   2.37216333333333        3.85351541666667      -0.990369701503805     
   2.37216333333333        4.14978583333333      -0.903147783087188     
   2.37216333333333        4.44605625000000      -0.794457720821693     
   2.37216333333333        4.74232666666667      -0.687363407326715     
   2.37216333333333        5.03859708333333      -0.592384685079964     
   2.37216333333333        5.33486750000000      -0.512407961253635     
   2.37216333333333        5.63113791666667      -0.446965375434606     
   2.37216333333333        5.92740833333333      -0.394360471879572     
   2.37216333333333        6.22367875000000      -0.352629391224923     
   2.37216333333333        6.51994916666667      -0.319573579555820     
   2.37216333333333        6.81621958333333      -0.293024416033845     
   2.37216333333333        7.11249000000000      -0.271109439501643     
   2.66843375000000       2.000000000000000E-003 -0.277605772755656     
   2.66843375000000       0.298270416666667      -0.301643879462817     
   2.66843375000000       0.594540833333333      -0.331318889882136     
   2.66843375000000       0.890811250000000      -0.369018736323823     
   2.66843375000000        1.18708166666667      -0.417644590054998     
   2.66843375000000        1.48335208333333      -0.480464371714245     
   2.66843375000000        1.77962250000000      -0.561270185121098     
   2.66843375000000        2.07589291666667      -0.664541746236458     
   2.66843375000000        2.37216333333333      -0.794509823103259     
   2.66843375000000        2.66843375000000      -0.951664916562221     
   2.66843375000000        2.96470416666667       -1.12370651923881     
   2.66843375000000        3.26097458333333       -1.27237458616754     
   2.66843375000000        3.55724500000000       -1.33450451229210     
   2.66843375000000        3.85351541666667       -1.27238760148608     
   2.66843375000000        4.14978583333333       -1.12370233333842     
   2.66843375000000        4.44605625000000      -0.951632061388559     
   2.66843375000000        4.74232666666667      -0.794458296827224     
   2.66843375000000        5.03859708333333      -0.664486919835789     
   2.66843375000000        5.33486750000000      -0.561223058491774     
   2.66843375000000        5.63113791666667      -0.480430034353504     
   2.66843375000000        5.92740833333333      -0.417621175251983     
   2.66843375000000        6.22367875000000      -0.369003673192498     
   2.66843375000000        6.51994916666667      -0.331309921295683     
   2.66843375000000        6.81621958333333      -0.301639872977859     
   2.66843375000000        7.11249000000000      -0.277607057512515     
   2.96470416666667       2.000000000000000E-003 -0.282897191628891     
   2.96470416666667       0.298270416666667      -0.308677878887787     
   2.96470416666667       0.594540833333333      -0.340954637735022     
   2.96470416666667       0.890811250000000      -0.382584448055381     
   2.96470416666667        1.18708166666667      -0.437183875908047     
   2.96470416666667        1.48335208333333      -0.509223391135193     
   2.96470416666667        1.77962250000000      -0.604915729786055     
   2.96470416666667        2.07589291666667      -0.732662232069428     
   2.96470416666667        2.37216333333333      -0.903180738616356     
   2.96470416666667        2.66843375000000       -1.12370639829013     
   2.96470416666667        2.96470416666667       -1.37808314290968     
   2.96470416666667        3.26097458333333       -1.60325072524563     
   2.96470416666667        3.55724500000000       -1.69945721820628     
   2.96470416666667        3.85351541666667       -1.60332164596692     
   2.96470416666667        4.14978583333333       -1.37812882732556     
   2.96470416666667        4.44605625000000       -1.12370390533936     
   2.96470416666667        4.74232666666667      -0.903149608235996     
   2.96470416666667        5.03859708333333      -0.732622753271445     
   2.96470416666667        5.33486750000000      -0.604879823898257     
   2.96470416666667        5.63113791666667      -0.509196275763677     
   2.96470416666667        5.92740833333333      -0.437165759151274     
   2.96470416666667        6.22367875000000      -0.382573102835114     
   2.96470416666667        6.51994916666667      -0.340948837572314     
   2.96470416666667        6.81621958333333      -0.308676946502204     
   2.96470416666667        7.11249000000000      -0.282901157772834     
   3.26097458333333       2.000000000000000E-003 -0.286404457521480     
   3.26097458333333       0.298270416666667      -0.313345565467270     
   3.26097458333333       0.594540833333333      -0.347361794156946     
   3.26097458333333       0.890811250000000      -0.391643248777729     
   3.26097458333333        1.18708166666667      -0.450353274577499     
   3.26097458333333        1.48335208333333      -0.529031521186206     
   3.26097458333333        1.77962250000000      -0.635975012100517     
   3.26097458333333        2.07589291666667      -0.783681510913792     
   3.26097458333333        2.37216333333333      -0.990382912835738     
   3.26097458333333        2.66843375000000       -1.27237436748988     
   3.26097458333333        2.96470416666667       -1.60325061220994     
   3.26097458333333        3.26097458333333       -1.85953702840536     
   3.26097458333333        3.55724500000000       -1.95802909625407     
   3.26097458333333        3.85351541666667       -1.85967171587766     
   3.26097458333333        4.14978583333333       -1.60332456027271     
   3.26097458333333        4.44605625000000       -1.27239216724873     
   3.26097458333333        4.74232666666667      -0.990373565593774     
   3.26097458333333        5.03859708333333      -0.783663061623611     
   3.26097458333333        5.33486750000000      -0.635956828076514     
   3.26097458333333        5.63113791666667      -0.529017471096864     
   3.26097458333333        5.92740833333333      -0.450343957900324     
   3.26097458333333        6.22367875000000      -0.391637524294767     
   3.26097458333333        6.51994916666667      -0.347359066415973     
   3.26097458333333        6.81621958333333      -0.313345654942053     
   3.26097458333333        7.11249000000000      -0.286407421943896     
   3.55724500000000       2.000000000000000E-003 -0.287637337686594     
   3.55724500000000       0.298270416666667      -0.314986472849825     
   3.55724500000000       0.594540833333333      -0.349615637369403     
   3.55724500000000       0.890811250000000      -0.394835016199873     
   3.55724500000000        1.18708166666667      -0.455015672847406     
   3.55724500000000        1.48335208333333      -0.536114802912588     
   3.55724500000000        1.77962250000000      -0.647322586782434     
   3.55724500000000        2.07589291666667      -0.802929234628935     
   3.55724500000000        2.37216333333333       -1.02478465220532     
   3.55724500000000        2.66843375000000       -1.33450424909360     
   3.55724500000000        2.96470416666667       -1.69945707099232     
   3.55724500000000        3.26097458333333       -1.95802895596532     
   3.55724500000000        3.55724500000000       -2.09958727873798     
   3.55724500000000        3.85351541666667       -1.95803235842636     
   3.55724500000000        4.14978583333333       -1.69946458899558     
   3.55724500000000        4.44605625000000       -1.33451242277966     
   3.55724500000000        4.74232666666667       -1.02479095469664     
   3.55724500000000        5.03859708333333      -0.802933656385971     
   3.55724500000000        5.33486750000000      -0.647325484888813     
   3.55724500000000        5.63113791666667      -0.536116724635850     
   3.55724500000000        5.92740833333333      -0.455016930769630     
   3.55724500000000        6.22367875000000      -0.394835762023104     
   3.55724500000000        6.51994916666667      -0.349616024923713     
   3.55724500000000        6.81621958333333      -0.314986836356875     
   3.55724500000000        7.11249000000000      -0.287637538291490     
   3.85351541666667       2.000000000000000E-003 -0.286407253852037     
   3.85351541666667       0.298270416666667      -0.313345447905703     
   3.85351541666667       0.594540833333333      -0.347358712451782     
   3.85351541666667       0.890811250000000      -0.391636816056807     
   3.85351541666667        1.18708166666667      -0.450342878874117     
   3.85351541666667        1.48335208333333      -0.529015836240250     
   3.85351541666667        1.77962250000000      -0.635954516560134     
   3.85351541666667        2.07589291666667      -0.783659847188280     
   3.85351541666667        2.37216333333333      -0.990369255930655     
   3.85351541666667        2.66843375000000       -1.27238733706160     
   3.85351541666667        2.96470416666667       -1.60332155185136     
   3.85351541666667        3.26097458333333       -1.85967160431886     
   3.85351541666667        3.55724500000000       -1.95803219006077     
   3.85351541666667        3.85351541666667       -1.85954350925978     
   3.85351541666667        4.14978583333333       -1.60326220043111     
   3.85351541666667        4.44605625000000       -1.27238504042048     
   3.85351541666667        4.74232666666667      -0.990390445722526     
   3.85351541666667        5.03859708333333      -0.783686391104983     
   3.85351541666667        5.33486750000000      -0.635978272254963     
   3.85351541666667        5.63113791666667      -0.529033720907699     
   3.85351541666667        5.92740833333333      -0.450354703864777     
   3.85351541666667        6.22367875000000      -0.391644158205737     
   3.85351541666667        6.51994916666667      -0.347362271575618     
   3.85351541666667        6.81621958333333      -0.313345862829301     
   3.85351541666667        7.11249000000000      -0.286404686070537     
   4.14978583333333       2.000000000000000E-003 -0.282901034350205     
   4.14978583333333       0.298270416666667      -0.308676733915411     
   4.14978583333333       0.594540833333333      -0.340948516736131     
   4.14978583333333       0.890811250000000      -0.382572544546567     
   4.14978583333333        1.18708166666667      -0.437164946149261     
   4.14978583333333        1.48335208333333      -0.509195053061116     
   4.14978583333333        1.77962250000000      -0.604878174527534     
   4.14978583333333        2.07589291666667      -0.732620664172859     
   4.14978583333333        2.37216333333333      -0.903147344675402     
   4.14978583333333        2.66843375000000       -1.12370206472120     
   4.14978583333333        2.96470416666667       -1.37812873462881     
   4.14978583333333        3.26097458333333       -1.60332450724675     
   4.14978583333333        3.55724500000000       -1.69946448474247     
   4.14978583333333        3.85351541666667       -1.60326213864440     
   4.14978583333333        4.14978583333333       -1.37809506272362     
   4.14978583333333        4.44605625000000       -1.12371632588881     
   4.14978583333333        4.74232666666667      -0.903187691381997     
   4.14978583333333        5.03859708333333      -0.732667032435757     
   4.14978583333333        5.33486750000000      -0.604918969980169     
   4.14978583333333        5.63113791666667      -0.509225595321600     
   4.14978583333333        5.92740833333333      -0.437185304923329     
   4.14978583333333        6.22367875000000      -0.382585333241424     
   4.14978583333333        6.51994916666667      -0.340955198658627     
   4.14978583333333        6.81621958333333      -0.308678226934257     
   4.14978583333333        7.11249000000000      -0.282897443559945     
   4.44605625000000       2.000000000000000E-003 -0.277606991752801     
   4.44605625000000       0.298270416666667      -0.301639691625595     
   4.44605625000000       0.594540833333333      -0.331309683152592     
   4.44605625000000       0.890811250000000      -0.369003242645583     
   4.44605625000000        1.18708166666667      -0.417620623325256     
   4.44605625000000        1.48335208333333      -0.480429237749165     
   4.44605625000000        1.77962250000000      -0.561222050276239     
   4.44605625000000        2.07589291666667      -0.664485742038989     
   4.44605625000000        2.37216333333333      -0.794457327159661     
   4.44605625000000        2.66843375000000      -0.951631795479025     
   4.44605625000000        2.96470416666667       -1.12370378454522     
   4.44605625000000        3.26097458333333       -1.27239211788952     
   4.44605625000000        3.55724500000000       -1.33451237283232     
   4.44605625000000        3.85351541666667       -1.27238500047970     
   4.44605625000000        4.14978583333333       -1.12371631487290     
   4.44605625000000        4.44605625000000      -0.951672694150364     
   4.44605625000000        4.74232666666667      -0.794515595349697     
   4.44605625000000        5.03859708333333      -0.664545954246268     
   4.44605625000000        5.33486750000000      -0.561273094726945     
   4.44605625000000        5.63113791666667      -0.480466437058156     
   4.44605625000000        5.92740833333333      -0.417645870995918     
   4.44605625000000        6.22367875000000      -0.369019600019677     
   4.44605625000000        6.51994916666667      -0.331319420813836     
   4.44605625000000        6.81621958333333      -0.301644260033484     
   4.44605625000000        7.11249000000000      -0.277606057262670     
   4.74232666666667       2.000000000000000E-003 -0.271109398913320     
   4.74232666666667       0.298270416666667      -0.293024350197818     
   4.74232666666667       0.594540833333333      -0.319573443886636     
   4.74232666666667       0.890811250000000      -0.352629145861869     
   4.74232666666667        1.18708166666667      -0.394360138641194     
   4.74232666666667        1.48335208333333      -0.446964953291524     
   4.74232666666667        1.77962250000000      -0.512407407116082     
   4.74232666666667        2.07589291666667      -0.592384150129857     
   4.74232666666667        2.37216333333333      -0.687363096498862     
   4.74232666666667        2.66843375000000      -0.794458064568107     
   4.74232666666667        2.96470416666667      -0.903149481252570     
   4.74232666666667        3.26097458333333      -0.990373516461796     
   4.74232666666667        3.55724500000000       -1.02479093895378     
   4.74232666666667        3.85351541666667      -0.990390444330919     
   4.74232666666667        4.14978583333333      -0.903187699523125     
   4.74232666666667        4.44605625000000      -0.794515602862560     
   4.74232666666667        4.74232666666667      -0.687429950823935     
   4.74232666666667        5.03859708333333      -0.592448308794458     
   4.74232666666667        5.33486750000000      -0.512459729817530     
   4.74232666666667        5.63113791666667      -0.447002308949242     
   4.74232666666667        5.92740833333333      -0.394385725873216     
   4.74232666666667        6.22367875000000      -0.352646721673015     
   4.74232666666667        6.51994916666667      -0.319586904432845     
   4.74232666666667        6.81621958333333      -0.293035828737995     
   4.74232666666667        7.11249000000000      -0.271117347277875     
   5.03859708333333       2.000000000000000E-003 -0.263909525133926     
   5.03859708333333       0.298270416666667      -0.283489462760963     
   5.03859708333333       0.594540833333333      -0.306666927946200     
   5.03859708333333       0.890811250000000      -0.334937320592986     
   5.03859708333333        1.18708166666667      -0.369754135430053     
   5.03859708333333        1.48335208333333      -0.412460589535179     
   5.03859708333333        1.77962250000000      -0.463952053701925     
   5.03859708333333        2.07589291666667      -0.524313893764544     
   5.03859708333333        2.37216333333333      -0.592384495633986     
   5.03859708333333        2.66843375000000      -0.664486759580307     
   5.03859708333333        2.96470416666667      -0.732622653740739     
   5.03859708333333        3.26097458333333      -0.783663022602653     
   5.03859708333333        3.55724500000000      -0.802933657776189     
   5.03859708333333        3.85351541666667      -0.783686411056117     
   5.03859708333333        4.14978583333333      -0.732667055016106     
   5.03859708333333        4.44605625000000      -0.664545968741839     
   5.03859708333333        4.74232666666667      -0.592448312492865     
   5.03859708333333        5.03859708333333      -0.524372021601828     
   5.03859708333333        5.33486750000000      -0.463996880599050     
   5.03859708333333        5.63113791666667      -0.412491969188378     
   5.03859708333333        5.92740833333333      -0.369774753337967     
   5.03859708333333        6.22367875000000      -0.334953494883258     
   5.03859708333333        6.51994916666667      -0.306686370194138     
   5.03859708333333        6.81621958333333      -0.283515402768797     
   5.03859708333333        7.11249000000000      -0.263937173819053     
   5.33486750000000       2.000000000000000E-003 -0.256685964985003     
   5.33486750000000       0.298270416666667      -0.273899924478320     
   5.33486750000000       0.594540833333333      -0.293675213553399     
   5.33486750000000       0.890811250000000      -0.317126232895649     
   5.33486750000000        1.18708166666667      -0.345422925569571     
   5.33486750000000        1.48335208333333      -0.379404042589899     
   5.33486750000000        1.77962250000000      -0.419071709903682     
   5.33486750000000        2.07589291666667      -0.463952245076017     
   5.33486750000000        2.37216333333333      -0.512407929468117     
   5.33486750000000        2.66843375000000      -0.561223014232795     
   5.33486750000000        2.96470416666667      -0.604879792578825     
   5.33486750000000        3.26097458333333      -0.635956823035165     
   5.33486750000000        3.55724500000000      -0.647325505096227     
   5.33486750000000        3.85351541666667      -0.635978304490028     
   5.33486750000000        4.14978583333333      -0.604918999264876     
   5.33486750000000        4.44605625000000      -0.561273108965223     
   5.33486750000000        4.74232666666667      -0.512459724757765     
   5.33486750000000        5.03859708333333      -0.463996866233443     
   5.33486750000000        5.33486750000000      -0.419104706511425     
   5.33486750000000        5.63113791666667      -0.379423748640040     
   5.33486750000000        5.92740833333333      -0.345432945576711     
   5.33486750000000        6.22367875000000      -0.317137660985251     
   5.33486750000000        6.51994916666667      -0.293702658794072     
   5.33486750000000        6.81621958333333      -0.273950361696455     
   5.33486750000000        7.11249000000000      -0.256747771087415     
   5.63113791666667       2.000000000000000E-003 -0.249888268654431     
   5.63113791666667       0.298270416666667      -0.264984199204854     
   5.63113791666667       0.594540833333333      -0.281567460530331     
   5.63113791666667       0.890811250000000      -0.300536186648249     
   5.63113791666667        1.18708166666667      -0.322875560758505     
   5.63113791666667        1.48335208333333      -0.349200709410995     
   5.63113791666667        1.77962250000000      -0.379404146099166     
   5.63113791666667        2.07589291666667      -0.412460911323559     
   5.63113791666667        2.37216333333333      -0.446965484931787     
   5.63113791666667        2.66843375000000      -0.480430125713553     
   5.63113791666667        2.96470416666667      -0.509196346917728     
   5.63113791666667        3.26097458333333      -0.529017533290814     
   5.63113791666667        3.55724500000000      -0.536116783508541     
   5.63113791666667        3.85351541666667      -0.529033771628231     
   5.63113791666667        4.14978583333333      -0.509225625520556     
   5.63113791666667        4.44605625000000      -0.480466432929357     
   5.63113791666667        4.74232666666667      -0.447002278899173     
   5.63113791666667        5.03859708333333      -0.412491933776014     
   5.63113791666667        5.33486750000000      -0.379423726388313     
   5.63113791666667        5.63113791666667      -0.349205648292175     
   5.63113791666667        5.92740833333333      -0.322870077950997     
   5.63113791666667        6.22367875000000      -0.300537270200202     
   5.63113791666667        6.51994916666667      -0.281602758561093     
   5.63113791666667        6.81621958333333      -0.265070976042511     
   5.63113791666667        7.11249000000000      -0.250003764967151     
   5.92740833333333       2.000000000000000E-003 -0.243649858053162     
   5.92740833333333       0.298270416666667      -0.257078536882191     
   5.92740833333333       0.594540833333333      -0.270852774836103     
   5.92740833333333       0.890811250000000      -0.285822749769980     
   5.92740833333333        1.18708166666667      -0.302984799772260     
   5.92740833333333        1.48335208333333      -0.322875608250622     
   5.92740833333333        1.77962250000000      -0.345423052036965     
   5.92740833333333        2.07589291666667      -0.369754402404838     
   5.92740833333333        2.37216333333333      -0.394360649891997     
   5.92740833333333        2.66843375000000      -0.417621343476713     
   5.92740833333333        2.96470416666667      -0.437165901063328     
   5.92740833333333        3.26097458333333      -0.450344069671524     
   5.92740833333333        3.55724500000000      -0.455017013134220     
   5.92740833333333        3.85351541666667      -0.450354755627142     
   5.92740833333333        4.14978583333333      -0.437185323518742     
   5.92740833333333        4.44605625000000      -0.417645858016287     
   5.92740833333333        4.74232666666667      -0.394385690359416     
   5.92740833333333        5.03859708333333      -0.369774709375290     
   5.92740833333333        5.33486750000000      -0.345432906805553     
   5.92740833333333        5.63113791666667      -0.322870054808994     
   5.92740833333333        5.92740833333333      -0.302965221619239     
   5.92740833333333        6.22367875000000      -0.285807919679287     
   5.92740833333333        6.51994916666667      -0.270889177960792     
   5.92740833333333        6.81621958333333      -0.257211423334144     
   5.92740833333333        7.11249000000000      -0.243841497218091     
   6.22367875000000       2.000000000000000E-003 -0.237751809295701     
   6.22367875000000       0.298270416666667      -0.250204814640086     
   6.22367875000000       0.594540833333333      -0.261628681841942     
   6.22367875000000       0.890811250000000      -0.273055074292875     
   6.22367875000000        1.18708166666667      -0.285822760143457     
   6.22367875000000        1.48335208333333      -0.300536226185155     
   6.22367875000000        1.77962250000000      -0.317126347814120     
   6.22367875000000        2.07589291666667      -0.334937613538213     
   6.22367875000000        2.37216333333333      -0.352629593714342     
   6.22367875000000        2.66843375000000      -0.369003870560494     
   6.22367875000000        2.96470416666667      -0.382573272821614     
   6.22367875000000        3.26097458333333      -0.391637658810859     
   6.22367875000000        3.55724500000000      -0.394835860841629     
   6.22367875000000        3.85351541666667      -0.391644223547104     
   6.22367875000000        4.14978583333333      -0.382585367244388     
   6.22367875000000        4.44605625000000      -0.369019605251337     
   6.22367875000000        4.74232666666667      -0.352646702526979     
   6.22367875000000        5.03859708333333      -0.334953458032035     
   6.22367875000000        5.33486750000000      -0.317137613234379     
   6.22367875000000        5.63113791666667      -0.300537229983027     
   6.22367875000000        5.92740833333333      -0.285807903307537     
   6.22367875000000        6.22367875000000      -0.273031193670091     
   6.22367875000000        6.51994916666667      -0.261649869403101     
   6.22367875000000        6.81621958333333      -0.250376244360080     
   6.22367875000000        7.11249000000000      -0.238035525311581     
   6.51994916666667       2.000000000000000E-003 -0.231857457212551     
   6.51994916666667       0.298270416666667      -0.243926412431519     
   6.51994916666667       0.594540833333333      -0.253256866160233     
   6.51994916666667       0.890811250000000      -0.261628606176637     
   6.51994916666667        1.18708166666667      -0.270852718907118     
   6.51994916666667        1.48335208333333      -0.281567469864371     
   6.51994916666667        1.77962250000000      -0.293675305782646     
   6.51994916666667        2.07589291666667      -0.306667186596977     
   6.51994916666667        2.37216333333333      -0.319573788831388     
   6.51994916666667        2.66843375000000      -0.331310127421072     
   6.51994916666667        2.96470416666667      -0.340949019359253     
   6.51994916666667        3.26097458333333      -0.347359216010171     
   6.51994916666667        3.55724500000000      -0.349616142678152     
   6.51994916666667        3.85351541666667      -0.347362360941071     
   6.51994916666667        4.14978583333333      -0.340955261838601     
   6.51994916666667        4.44605625000000      -0.331319457183744     
   6.51994916666667        4.74232666666667      -0.319586911357935     
   6.51994916666667        5.03859708333333      -0.306686345374201     
   6.51994916666667        5.33486750000000      -0.293702603311960     
   6.51994916666667        5.63113791666667      -0.281602705327741     
   6.51994916666667        5.92740833333333      -0.270889154965458     
   6.51994916666667        6.22367875000000      -0.261649873621161     
   6.51994916666667        6.51994916666667      -0.253270158963298     
   6.51994916666667        6.81621958333333      -0.244081689470290     
   6.51994916666667        7.11249000000000      -0.232204706490536     
   6.81621958333333       2.000000000000000E-003 -0.225126846687527     
   6.81621958333333       0.298270416666667      -0.236367998990924     
   6.81621958333333       0.594540833333333      -0.243926269493159     
   6.81621958333333       0.890811250000000      -0.250204718043881     
   6.81621958333333        1.18708166666667      -0.257078565086988     
   6.81621958333333        1.48335208333333      -0.264984338457571     
   6.81621958333333        1.77962250000000      -0.273900114007422     
   6.81621958333333        2.07589291666667      -0.283489695536232     
   6.81621958333333        2.37216333333333      -0.293024628820198     
   6.81621958333333        2.66843375000000      -0.301640079991730     
   6.81621958333333        2.96470416666667      -0.308677133337064     
   6.81621958333333        3.26097458333333      -0.313345815602646     
   6.81621958333333        3.55724500000000      -0.314986971332017     
   6.81621958333333        3.85351541666667      -0.313345975358639     
   6.81621958333333        4.14978583333333      -0.308678317415756     
   6.81621958333333        4.44605625000000      -0.301644323302341     
   6.81621958333333        4.74232666666667      -0.293035854234161     
   6.81621958333333        5.03859708333333      -0.283515376300117     
   6.81621958333333        5.33486750000000      -0.273950284960937     
   6.81621958333333        5.63113791666667      -0.265070896418448     
   6.81621958333333        5.92740833333333      -0.257211379781193     
   6.81621958333333        6.22367875000000      -0.250376239632242     
   6.81621958333333        6.51994916666667      -0.244081709414229     
   6.81621958333333        6.81621958333333      -0.236481795471095     
   6.81621958333333        7.11249000000000      -0.225398965759007     
   7.11249000000000       2.000000000000000E-003 -0.215017513405055     
   7.11249000000000       0.298270416666667      -0.225126948957592     
   7.11249000000000       0.594540833333333      -0.231857602861453     
   7.11249000000000       0.890811250000000      -0.237751942745637     
   7.11249000000000        1.18708166666667      -0.243650052110328     
   7.11249000000000        1.48335208333333      -0.249888541192715     
   7.11249000000000        1.77962250000000      -0.256686199104833     
   7.11249000000000        2.07589291666667      -0.263909774552314     
   7.11249000000000        2.37216333333333      -0.271109650084873     
   7.11249000000000        2.66843375000000      -0.277607256497867     
   7.11249000000000        2.96470416666667      -0.282901340147793     
   7.11249000000000        3.26097458333333      -0.286407583879667     
   7.11249000000000        3.55724500000000      -0.287637679583530     
   7.11249000000000        3.85351541666667      -0.286404808682369     
   7.11249000000000        4.14978583333333      -0.282897545649219     
   7.11249000000000        4.44605625000000      -0.277606129464308     
   7.11249000000000        4.74232666666667      -0.271117371138517     
   7.11249000000000        5.03859708333333      -0.263937122291938     
   7.11249000000000        5.33486750000000      -0.256747647109067     
   7.11249000000000        5.63113791666667      -0.250003627317930     
   7.11249000000000        5.92740833333333      -0.243841392953898     
   7.11249000000000        6.22367875000000      -0.238035447701476     
   7.11249000000000        6.51994916666667      -0.232204635668658     
   7.11249000000000        6.81621958333333      -0.225398992788905     
   7.11249000000000        7.11249000000000      -0.215156088590496     
