  2.000000000000000E-003  2.000000000000000E-003 -0.418828494892994     
  2.000000000000000E-003  0.298270416666667      -0.443001872153654     
  2.000000000000000E-003  0.594540833333333      -0.454888513784803     
  2.000000000000000E-003  0.890811250000000      -0.464620985840167     
  2.000000000000000E-003   1.18708166666667      -0.469848683437323     
  2.000000000000000E-003   1.48335208333333      -0.468838678886330     
  2.000000000000000E-003   1.77962250000000      -0.461337928339605     
  2.000000000000000E-003   2.07589291666667      -0.448293246008128     
  2.000000000000000E-003   2.37216333333333      -0.431545936758854     
  2.000000000000000E-003   2.66843375000000      -0.413114565463499     
  2.000000000000000E-003   2.96470416666667      -0.391987603002908     
  2.000000000000000E-003   3.26097458333333      -0.368714962440694     
  2.000000000000000E-003   3.55724500000000      -0.344774618690737     
  2.000000000000000E-003   3.85351541666667      -0.321608880236345     
  2.000000000000000E-003   4.14978583333333      -0.300158074355679     
  2.000000000000000E-003   4.44605625000000      -0.280782654436477     
  2.000000000000000E-003   4.74232666666667      -0.263505602268643     
  2.000000000000000E-003   5.03859708333333      -0.248333825076270     
  2.000000000000000E-003   5.33486750000000      -0.235414011182266     
  2.000000000000000E-003   5.63113791666667      -0.224706580946038     
  2.000000000000000E-003   5.92740833333333      -0.216066247419266     
  2.000000000000000E-003   6.22367875000000      -0.209092831546443     
  2.000000000000000E-003   6.51994916666667      -0.202683809224937     
  2.000000000000000E-003   6.81621958333333      -0.194177616372360     
  2.000000000000000E-003   7.11249000000000      -0.183277403313021     
  0.298270416666667       2.000000000000000E-003 -0.443001775505555     
  0.298270416666667       0.298270416666667      -0.465082220373119     
  0.298270416666667       0.594540833333333      -0.487201737779064     
  0.298270416666667       0.890811250000000      -0.509453890339914     
  0.298270416666667        1.18708166666667      -0.521158308245120     
  0.298270416666667        1.48335208333333      -0.521838731938641     
  0.298270416666667        1.77962250000000      -0.513109670248787     
  0.298270416666667        2.07589291666667      -0.496566692072699     
  0.298270416666667        2.37216333333333      -0.475689508427031     
  0.298270416666667        2.66843375000000      -0.452884111418429     
  0.298270416666667        2.96470416666667      -0.426646811375390     
  0.298270416666667        3.26097458333333      -0.397898861514605     
  0.298270416666667        3.55724500000000      -0.368720031497298     
  0.298270416666667        3.85351541666667      -0.340985411265176     
  0.298270416666667        4.14978583333333      -0.315763644263214     
  0.298270416666667        4.44605625000000      -0.293336439064749     
  0.298270416666667        4.74232666666667      -0.273577734947323     
  0.298270416666667        5.03859708333333      -0.256347555406078     
  0.298270416666667        5.33486750000000      -0.241702384104148     
  0.298270416666667        5.63113791666667      -0.229529472741157     
  0.298270416666667        5.92740833333333      -0.219565002450926     
  0.298270416666667        6.22367875000000      -0.211253815160898     
  0.298270416666667        6.51994916666667      -0.203487915093292     
  0.298270416666667        6.81621958333333      -0.195074345434419     
  0.298270416666667        7.11249000000000      -0.186985001897160     
  0.594540833333333       2.000000000000000E-003 -0.454888484303895     
  0.594540833333333       0.298270416666667      -0.487201575450199     
  0.594540833333333       0.594540833333333      -0.521757679076496     
  0.594540833333333       0.890811250000000      -0.553176643315428     
  0.594540833333333        1.18708166666667      -0.571079143413370     
  0.594540833333333        1.48335208333333      -0.574230054379359     
  0.594540833333333        1.77962250000000      -0.564926203559488     
  0.594540833333333        2.07589291666667      -0.545436675668016     
  0.594540833333333        2.37216333333333      -0.520662133871822     
  0.594540833333333        2.66843375000000      -0.493222209545728     
  0.594540833333333        2.96470416666667      -0.461321425564999     
  0.594540833333333        3.26097458333333      -0.426649227868636     
  0.594540833333333        3.55724500000000      -0.391996351423827     
  0.594540833333333        3.85351541666667      -0.359627569035959     
  0.594540833333333        4.14978583333333      -0.330642041825634     
  0.594540833333333        4.44605625000000      -0.305165453952457     
  0.594540833333333        4.74232666666667      -0.282899143673979     
  0.594540833333333        5.03859708333333      -0.263561703428694     
  0.594540833333333        5.33486750000000      -0.247109540454181     
  0.594540833333333        5.63113791666667      -0.233360696231645     
  0.594540833333333        5.92740833333333      -0.221934499496062     
  0.594540833333333        6.22367875000000      -0.212218837043452     
  0.594540833333333        6.51994916666667      -0.203463363629271     
  0.594540833333333        6.81621958333333      -0.195352328222892     
  0.594540833333333        7.11249000000000      -0.187523758772638     
  0.890811250000000       2.000000000000000E-003 -0.464620861452033     
  0.890811250000000       0.298270416666667      -0.509453561351925     
  0.890811250000000       0.594540833333333      -0.553176369182552     
  0.890811250000000       0.890811250000000      -0.590166968046046     
  0.890811250000000        1.18708166666667      -0.613049760366555     
  0.890811250000000        1.48335208333333      -0.619639422535559     
  0.890811250000000        1.77962250000000      -0.610547237669931     
  0.890811250000000        2.07589291666667      -0.588718722386319     
  0.890811250000000        2.37216333333333      -0.562322218720307     
  0.890811250000000        2.66843375000000      -0.530633078105033     
  0.890811250000000        2.96470416666667      -0.493229360419820     
  0.890811250000000        3.26097458333333      -0.452894499330486     
  0.890811250000000        3.55724500000000      -0.413131651034835     
  0.890811250000000        3.85351541666667      -0.376503416526034     
  0.890811250000000        4.14978583333333      -0.344063525007506     
  0.890811250000000        4.44605625000000      -0.315745501523814     
  0.890811250000000        4.74232666666667      -0.291093454021610     
  0.890811250000000        5.03859708333333      -0.269752845449192     
  0.890811250000000        5.33486750000000      -0.251576764057004     
  0.890811250000000        5.63113791666667      -0.236377174476585     
  0.890811250000000        5.92740833333333      -0.223697859038048     
  0.890811250000000        6.22367875000000      -0.212944333027298     
  0.890811250000000        6.51994916666667      -0.203534155011769     
  0.890811250000000        6.81621958333333      -0.195007155379666     
  0.890811250000000        7.11249000000000      -0.186732781740378     
   1.18708166666667       2.000000000000000E-003 -0.469848396631444     
   1.18708166666667       0.298270416666667      -0.521157783084424     
   1.18708166666667       0.594540833333333      -0.571078591398878     
   1.18708166666667       0.890811250000000      -0.613049420907626     
   1.18708166666667        1.18708166666667      -0.640796979529433     
   1.18708166666667        1.48335208333333      -0.651059843070782     
   1.18708166666667        1.77962250000000      -0.643417450174742     
   1.18708166666667        2.07589291666667      -0.623103140137938     
   1.18708166666667        2.37216333333333      -0.596937336617640     
   1.18708166666667        2.66843375000000      -0.562356917066480     
   1.18708166666667        2.96470416666667      -0.520706087441699     
   1.18708166666667        3.26097458333333      -0.475733393715272     
   1.18708166666667        3.55724500000000      -0.431588451078771     
   1.18708166666667        3.85351541666667      -0.391206296728358     
   1.18708166666667        4.14978583333333      -0.355668726585348     
   1.18708166666667        4.44605625000000      -0.324748328090298     
   1.18708166666667        4.74232666666667      -0.297877547208195     
   1.18708166666667        5.03859708333333      -0.274693258016018     
   1.18708166666667        5.33486750000000      -0.255015067440447     
   1.18708166666667        5.63113791666667      -0.238611271576985     
   1.18708166666667        5.92740833333333      -0.224955207755542     
   1.18708166666667        6.22367875000000      -0.213392007184376     
   1.18708166666667        6.51994916666667      -0.203312907255506     
   1.18708166666667        6.81621958333333      -0.194191734674768     
   1.18708166666667        7.11249000000000      -0.185542594359747     
   1.48335208333333       2.000000000000000E-003 -0.468838232244621     
   1.48335208333333       0.298270416666667      -0.521838031449175     
   1.48335208333333       0.594540833333333      -0.574229274628246     
   1.48335208333333       0.890811250000000      -0.619638784752735     
   1.48335208333333        1.18708166666667      -0.651059506575902     
   1.48335208333333        1.48335208333333      -0.664265564661550     
   1.48335208333333        1.77962250000000      -0.660180857899249     
   1.48335208333333        2.07589291666667      -0.646824240758191     
   1.48335208333333        2.37216333333333      -0.623197001905786     
   1.48335208333333        2.66843375000000      -0.588865579480715     
   1.48335208333333        2.96470416666667      -0.545602521254670     
   1.48335208333333        3.26097458333333      -0.496681508508802     
   1.48335208333333        3.55724500000000      -0.448384566991178     
   1.48335208333333        3.85351541666667      -0.404238473145718     
   1.48335208333333        4.14978583333333      -0.365649461521262     
   1.48335208333333        4.44605625000000      -0.332120306536465     
   1.48335208333333        4.74232666666667      -0.303093856227877     
   1.48335208333333        5.03859708333333      -0.278233963909657     
   1.48335208333333        5.33486750000000      -0.257336097382185     
   1.48335208333333        5.63113791666667      -0.240029369749981     
   1.48335208333333        5.92740833333333      -0.225664875911465     
   1.48335208333333        6.22367875000000      -0.213474378717799     
   1.48335208333333        6.51994916666667      -0.202798767884397     
   1.48335208333333        6.81621958333333      -0.193166530977098     
   1.48335208333333        7.11249000000000      -0.184245632060690     
   1.77962250000000       2.000000000000000E-003 -0.461337362457557     
   1.77962250000000       0.298270416666667      -0.513108858760600     
   1.77962250000000       0.594540833333333      -0.564925291875090     
   1.77962250000000       0.890811250000000      -0.610546422085016     
   1.77962250000000        1.18708166666667      -0.643416890595484     
   1.77962250000000        1.48335208333333      -0.660180605673033     
   1.77962250000000        1.77962250000000      -0.665722929100314     
   1.77962250000000        2.07589291666667      -0.660334463784108     
   1.77962250000000        2.37216333333333      -0.643637765916060     
   1.77962250000000        2.66843375000000      -0.610820640084266     
   1.77962250000000        2.96470416666667      -0.565115274640617     
   1.77962250000000        3.26097458333333      -0.513251091042079     
   1.77962250000000        3.55724500000000      -0.461449539689621     
   1.77962250000000        3.85351541666667      -0.414327814904963     
   1.77962250000000        4.14978583333333      -0.373059902789144     
   1.77962250000000        4.44605625000000      -0.337397116390902     
   1.77962250000000        4.74232666666667      -0.306551412511560     
   1.77962250000000        5.03859708333333      -0.280238338939190     
   1.77962250000000        5.33486750000000      -0.258462615150445     
   1.77962250000000        5.63113791666667      -0.240616566487987     
   1.77962250000000        5.92740833333333      -0.225829064510525     
   1.77962250000000        6.22367875000000      -0.213212726945356     
   1.77962250000000        6.51994916666667      -0.202093600822506     
   1.77962250000000        6.81621958333333      -0.192088980317424     
   1.77962250000000        7.11249000000000      -0.182990651518151     
   2.07589291666667       2.000000000000000E-003 -0.448292627583943     
   2.07589291666667       0.298270416666667      -0.496565874672063     
   2.07589291666667       0.594540833333333      -0.545435772657537     
   2.07589291666667       0.890811250000000      -0.588717898720124     
   2.07589291666667        1.18708166666667      -0.623102502889721     
   2.07589291666667        1.48335208333333      -0.646823834343737     
   2.07589291666667        1.77962250000000      -0.660334283111295     
   2.07589291666667        2.07589291666667      -0.664577567246144     
   2.07589291666667        2.37216333333333      -0.651421951515222     
   2.07589291666667        2.66843375000000      -0.620010755317227     
   2.07589291666667        2.96470416666667      -0.574531560930269     
   2.07589291666667        3.26097458333333      -0.522036353516518     
   2.07589291666667        3.55724500000000      -0.468982791206774     
   2.07589291666667        3.85351541666667      -0.419942139031342     
   2.07589291666667        4.14978583333333      -0.376651270582727     
   2.07589291666667        4.44605625000000      -0.339310300979696     
   2.07589291666667        4.74232666666667      -0.307380186075923     
   2.07589291666667        5.03859708333333      -0.280446633045060     
   2.07589291666667        5.33486750000000      -0.258357016397433     
   2.07589291666667        5.63113791666667      -0.240405432140600     
   2.07589291666667        5.92740833333333      -0.225488536258189     
   2.07589291666667        6.22367875000000      -0.212645290588231     
   2.07589291666667        6.51994916666667      -0.201243300900840     
   2.07589291666667        6.81621958333333      -0.191009810687747     
   2.07589291666667        7.11249000000000      -0.181826029318729     
   2.37216333333333       2.000000000000000E-003 -0.431545344096031     
   2.37216333333333       0.298270416666667      -0.475688772842115     
   2.37216333333333       0.594540833333333      -0.520661327397145     
   2.37216333333333       0.890811250000000      -0.562321439670861     
   2.37216333333333        1.18708166666667      -0.596936675678917     
   2.37216333333333        1.48335208333333      -0.623196518837824     
   2.37216333333333        1.77962250000000      -0.643637480088631     
   2.37216333333333        2.07589291666667      -0.651421831990185     
   2.37216333333333        2.37216333333333      -0.641179560007982     
   2.37216333333333        2.66843375000000      -0.613443570310585     
   2.37216333333333        2.96470416666667      -0.571415284017616     
   2.37216333333333        3.26097458333333      -0.521427058696893     
   2.37216333333333        3.55724500000000      -0.470013597461172     
   2.37216333333333        3.85351541666667      -0.420824722266430     
   2.37216333333333        4.14978583333333      -0.376285499293138     
   2.37216333333333        4.44605625000000      -0.338006321013794     
   2.37216333333333        4.74232666666667      -0.305800522137824     
   2.37216333333333        5.03859708333333      -0.278957377292131     
   2.37216333333333        5.33486750000000      -0.257069214947492     
   2.37216333333333        5.63113791666667      -0.239474349147272     
   2.37216333333333        5.92740833333333      -0.224662550161324     
   2.37216333333333        6.22367875000000      -0.211740542124896     
   2.37216333333333        6.51994916666667      -0.200204240123366     
   2.37216333333333        6.81621958333333      -0.189883161001526     
   2.37216333333333        7.11249000000000      -0.180720453165654     
   2.66843375000000       2.000000000000000E-003 -0.413114027146166     
   2.66843375000000       0.298270416666667      -0.452883460009170     
   2.66843375000000       0.594540833333333      -0.493221492769956     
   2.66843375000000       0.890811250000000      -0.530632366869774     
   2.66843375000000        1.18708166666667      -0.562356284353614     
   2.66843375000000        1.48335208333333      -0.588865079855718     
   2.66843375000000        1.77962250000000      -0.610820297178001     
   2.66843375000000        2.07589291666667      -0.620010552737080     
   2.66843375000000        2.37216333333333      -0.613443477054252     
   2.66843375000000        2.66843375000000      -0.590541316075443     
   2.66843375000000        2.96470416666667      -0.553552409055092     
   2.66843375000000        3.26097458333333      -0.509753965604800     
   2.66843375000000        3.55724500000000      -0.464814131999673     
   2.66843375000000        3.85351541666667      -0.417613869919670     
   2.66843375000000        4.14978583333333      -0.372628956522121     
   2.66843375000000        4.44605625000000      -0.334650993236971     
   2.66843375000000        4.74232666666667      -0.303139891304297     
   2.66843375000000        5.03859708333333      -0.276856230893514     
   2.66843375000000        5.33486750000000      -0.255293488646291     
   2.66843375000000        5.63113791666667      -0.237961896470343     
   2.66843375000000        5.92740833333333      -0.223337413563091     
   2.66843375000000        6.22367875000000      -0.210402973358146     
   2.66843375000000        6.51994916666667      -0.198831057028851     
   2.66843375000000        6.81621958333333      -0.188555192597380     
   2.66843375000000        7.11249000000000      -0.179531061202874     
   2.96470416666667       2.000000000000000E-003 -0.391987153426316     
   2.96470416666667       0.298270416666667      -0.426646269594527     
   2.96470416666667       0.594540833333333      -0.461320824463631     
   2.96470416666667       0.890811250000000      -0.493228750529795     
   2.96470416666667        1.18708166666667      -0.520705520072073     
   2.96470416666667        1.48335208333333      -0.545602029536381     
   2.96470416666667        1.77962250000000      -0.565114885669702     
   2.96470416666667        2.07589291666667      -0.574531280916722     
   2.96470416666667        2.37216333333333      -0.571415097424396     
   2.96470416666667        2.66843375000000      -0.553552299298024     
   2.96470416666667        2.96470416666667      -0.522097981173944     
   2.96470416666667        3.26097458333333      -0.487551303676891     
   2.96470416666667        3.55724500000000      -0.455143745293041     
   2.96470416666667        3.85351541666667      -0.411100657322774     
   2.96470416666667        4.14978583333333      -0.367565138250478     
   2.96470416666667        4.44605625000000      -0.331791376300837     
   2.96470416666667        4.74232666666667      -0.301233356255016     
   2.96470416666667        5.03859708333333      -0.275125166266294     
   2.96470416666667        5.33486750000000      -0.253511270669549     
   2.96470416666667        5.63113791666667      -0.235986145113293     
   2.96470416666667        5.92740833333333      -0.221387151388338     
   2.96470416666667        6.22367875000000      -0.208462704660837     
   2.96470416666667        6.51994916666667      -0.196972904926788     
   2.96470416666667        6.81621958333333      -0.186893629141135     
   2.96470416666667        7.11249000000000      -0.178136260738441     
   3.26097458333333       2.000000000000000E-003 -0.368714624530135     
   3.26097458333333       0.298270416666667      -0.397898447715944     
   3.26097458333333       0.594540833333333      -0.426648758332699     
   3.26097458333333       0.890811250000000      -0.452894005570993     
   3.26097458333333        1.18708166666667      -0.475732901849292     
   3.26097458333333        1.48335208333333      -0.496681022388974     
   3.26097458333333        1.77962250000000      -0.513250650063324     
   3.26097458333333        2.07589291666667      -0.522035995103807     
   3.26097458333333        2.37216333333333      -0.521426785115386     
   3.26097458333333        2.66843375000000      -0.509753742611705     
   3.26097458333333        2.96470416666667      -0.487551113830841     
   3.26097458333333        3.26097458333333      -0.465602685149884     
   3.26097458333333        3.55724500000000      -0.443257813130178     
   3.26097458333333        3.85351541666667      -0.402595052869389     
   3.26097458333333        4.14978583333333      -0.367284225202842     
   3.26097458333333        4.44605625000000      -0.332952927548837     
   3.26097458333333        4.74232666666667      -0.300846836289493     
   3.26097458333333        5.03859708333333      -0.273386622260222     
   3.26097458333333        5.33486750000000      -0.251115147614570     
   3.26097458333333        5.63113791666667      -0.233259311899659     
   3.26097458333333        5.92740833333333      -0.218499324131020     
   3.26097458333333        6.22367875000000      -0.205675567427928     
   3.26097458333333        6.51994916666667      -0.194453115623975     
   3.26097458333333        6.81621958333333      -0.184762604642670     
   3.26097458333333        7.11249000000000      -0.176411794010704     
   3.55724500000000       2.000000000000000E-003 -0.344774392376016     
   3.55724500000000       0.298270416666667      -0.368719740651192     
   3.55724500000000       0.594540833333333      -0.391996004823033     
   3.55724500000000       0.890811250000000      -0.413131263655960     
   3.55724500000000        1.18708166666667      -0.431588026601380     
   3.55724500000000        1.48335208333333      -0.448384082354265     
   3.55724500000000        1.77962250000000      -0.461449056304257     
   3.55724500000000        2.07589291666667      -0.468982376759841     
   3.55724500000000        2.37216333333333      -0.470013278561949     
   3.55724500000000        2.66843375000000      -0.464813865726829     
   3.55724500000000        2.96470416666667      -0.455143459542163     
   3.55724500000000        3.26097458333333      -0.443257557033313     
   3.55724500000000        3.55724500000000      -0.419103239039970     
   3.55724500000000        3.85351541666667      -0.405883986669477     
   3.55724500000000        4.14978583333333      -0.376285744712110     
   3.55724500000000        4.44605625000000      -0.335499181267190     
   3.55724500000000        4.74232666666667      -0.298610660988498     
   3.55724500000000        5.03859708333333      -0.269168052756674     
   3.55724500000000        5.33486750000000      -0.246477793789248     
   3.55724500000000        5.63113791666667      -0.228760696050990     
   3.55724500000000        5.92740833333333      -0.214236146905715     
   3.55724500000000        6.22367875000000      -0.201819297763506     
   3.55724500000000        6.51994916666667      -0.191147558943088     
   3.55724500000000        6.81621958333333      -0.182068702324809     
   3.55724500000000        7.11249000000000      -0.174257721779814     
   3.85351541666667       2.000000000000000E-003 -0.321608745790158     
   3.85351541666667       0.298270416666667      -0.340985218699287     
   3.85351541666667       0.594540833333333      -0.359627318729929     
   3.85351541666667       0.890811250000000      -0.376503112579900     
   3.85351541666667        1.18708166666667      -0.391205931065249     
   3.85351541666667        1.48335208333333      -0.404238010373493     
   3.85351541666667        1.77962250000000      -0.414327322422634     
   3.85351541666667        2.07589291666667      -0.419941715685458     
   3.85351541666667        2.37216333333333      -0.420824404763661     
   3.85351541666667        2.66843375000000      -0.417613580783338     
   3.85351541666667        2.96470416666667      -0.411100200642725     
   3.85351541666667        3.26097458333333      -0.402594367538346     
   3.85351541666667        3.55724500000000      -0.405883672156023     
   3.85351541666667        3.85351541666667      -0.402833958842342     
   3.85351541666667        4.14978583333333      -0.370467112415127     
   3.85351541666667        4.44605625000000      -0.326524847480639     
   3.85351541666667        4.74232666666667      -0.288518626188790     
   3.85351541666667        5.03859708333333      -0.259607817162508     
   3.85351541666667        5.33486750000000      -0.238161957765124     
   3.85351541666667        5.63113791666667      -0.221786950908985     
   3.85351541666667        5.92740833333333      -0.208365598730547     
   3.85351541666667        6.22367875000000      -0.196858712598870     
   3.85351541666667        6.51994916666667      -0.187080238705936     
   3.85351541666667        6.81621958333333      -0.178825039987211     
   3.85351541666667        7.11249000000000      -0.171649592944099     
   4.14978583333333       2.000000000000000E-003 -0.300158003993289     
   4.14978583333333       0.298270416666667      -0.315763519194579     
   4.14978583333333       0.594540833333333      -0.330641858499775     
   4.14978583333333       0.890811250000000      -0.344063283665685     
   4.14978583333333        1.18708166666667      -0.355668419666799     
   4.14978583333333        1.48335208333333      -0.365649056922518     
   4.14978583333333        1.77962250000000      -0.373059460780596     
   4.14978583333333        2.07589291666667      -0.376650897520714     
   4.14978583333333        2.37216333333333      -0.376285225986153     
   4.14978583333333        2.66843375000000      -0.372628666479736     
   4.14978583333333        2.96470416666667      -0.367564574549672     
   4.14978583333333        3.26097458333333      -0.367283365013542     
   4.14978583333333        3.55724500000000      -0.376285285991199     
   4.14978583333333        3.85351541666667      -0.370467121710023     
   4.14978583333333        4.14978583333333      -0.340208612086271     
   4.14978583333333        4.44605625000000      -0.302502864374581     
   4.14978583333333        4.74232666666667      -0.269683081428752     
   4.14978583333333        5.03859708333333      -0.244769908078130     
   4.14978583333333        5.33486750000000      -0.226516319916032     
   4.14978583333333        5.63113791666667      -0.212729296704682     
   4.14978583333333        5.92740833333333      -0.201207008958976     
   4.14978583333333        6.22367875000000      -0.191070878771715     
   4.14978583333333        6.51994916666667      -0.182477162780823     
   4.14978583333333        6.81621958333333      -0.175184642191497     
   4.14978583333333        7.11249000000000      -0.168671416833454     
   4.44605625000000       2.000000000000000E-003 -0.280782623062881     
   4.44605625000000       0.298270416666667      -0.293336356028651     
   4.44605625000000       0.594540833333333      -0.305165316278274     
   4.44605625000000       0.890811250000000      -0.315745311420798     
   4.44605625000000        1.18708166666667      -0.324748085555051     
   4.44605625000000        1.48335208333333      -0.332120002680068     
   4.44605625000000        1.77962250000000      -0.337396778391082     
   4.44605625000000        2.07589291666667      -0.339310028764084     
   4.44605625000000        2.37216333333333      -0.338006139355457     
   4.44605625000000        2.66843375000000      -0.334650797474278     
   4.44605625000000        2.96470416666667      -0.331790990216662     
   4.44605625000000        3.26097458333333      -0.332952372521117     
   4.44605625000000        3.55724500000000      -0.335498803536131     
   4.44605625000000        3.85351541666667      -0.326524749688542     
   4.44605625000000        4.14978583333333      -0.302502843366259     
   4.44605625000000        4.44605625000000      -0.273394087641879     
   4.44605625000000        4.74232666666667      -0.247665143935220     
   4.44605625000000        5.03859708333333      -0.227962400625011     
   4.44605625000000        5.33486750000000      -0.213720166934167     
   4.44605625000000        5.63113791666667      -0.203122921222958     
   4.44605625000000        5.92740833333333      -0.193551638252180     
   4.44605625000000        6.22367875000000      -0.184997567042383     
   4.44605625000000        6.51994916666667      -0.177719375464536     
   4.44605625000000        6.81621958333333      -0.171397102267539     
   4.44605625000000        7.11249000000000      -0.165482670585718     
   4.74232666666667       2.000000000000000E-003 -0.263505591110937     
   4.74232666666667       0.298270416666667      -0.273577676319880     
   4.74232666666667       0.594540833333333      -0.282899039056825     
   4.74232666666667       0.890811250000000      -0.291093311202023     
   4.74232666666667        1.18708166666667      -0.297877374399466     
   4.74232666666667        1.48335208333333      -0.303093660291487     
   4.74232666666667        1.77962250000000      -0.306551208728998     
   4.74232666666667        2.07589291666667      -0.307380039973008     
   4.74232666666667        2.37216333333333      -0.305800454888175     
   4.74232666666667        2.66843375000000      -0.303139829400280     
   4.74232666666667        2.96470416666667      -0.301233188351865     
   4.74232666666667        3.26097458333333      -0.300846553521536     
   4.74232666666667        3.55724500000000      -0.298610395654386     
   4.74232666666667        3.85351541666667      -0.288518462254006     
   4.74232666666667        4.14978583333333      -0.269682987466845     
   4.74232666666667        4.44605625000000      -0.247665094146608     
   4.74232666666667        4.74232666666667      -0.227979055212144     
   4.74232666666667        5.03859708333333      -0.212923258660836     
   4.74232666666667        5.33486750000000      -0.202375616487953     
   4.74232666666667        5.63113791666667      -0.194194132843121     
   4.74232666666667        5.92740833333333      -0.186245077544189     
   4.74232666666667        6.22367875000000      -0.179238660330867     
   4.74232666666667        6.51994916666667      -0.173210011123766     
   4.74232666666667        6.81621958333333      -0.167719532661293     
   4.74232666666667        7.11249000000000      -0.162257437808482     
   5.03859708333333       2.000000000000000E-003 -0.248333820756130     
   5.03859708333333       0.298270416666667      -0.256347508065023     
   5.03859708333333       0.594540833333333      -0.263561621000601     
   5.03859708333333       0.890811250000000      -0.269752745549415     
   5.03859708333333        1.18708166666667      -0.274693154478235     
   5.03859708333333        1.48335208333333      -0.278233867388038     
   5.03859708333333        1.77962250000000      -0.280238263096266     
   5.03859708333333        2.07589291666667      -0.280446603266776     
   5.03859708333333        2.37216333333333      -0.278957408003229     
   5.03859708333333        2.66843375000000      -0.276856273053389     
   5.03859708333333        2.96470416666667      -0.275125141479452     
   5.03859708333333        3.26097458333333      -0.273386499594311     
   5.03859708333333        3.55724500000000      -0.269167875064093     
   5.03859708333333        3.85351541666667      -0.259607643051643     
   5.03859708333333        4.14978583333333      -0.244769766066757     
   5.03859708333333        4.44605625000000      -0.227962301779323     
   5.03859708333333        4.74232666666667      -0.212923210376862     
   5.03859708333333        5.03859708333333      -0.201617433276826     
   5.03859708333333        5.33486750000000      -0.193724432499802     
   5.03859708333333        5.63113791666667      -0.186437893138939     
   5.03859708333333        5.92740833333333      -0.179873397588212     
   5.03859708333333        6.22367875000000      -0.174238900227070     
   5.03859708333333        6.51994916666667      -0.169238943103034     
   5.03859708333333        6.81621958333333      -0.164334632009964     
   5.03859708333333        7.11249000000000      -0.159135848619486     
   5.33486750000000       2.000000000000000E-003 -0.235414013684620     
   5.33486750000000       0.298270416666667      -0.241702356437634     
   5.33486750000000       0.594540833333333      -0.247109491606348     
   5.33486750000000       0.890811250000000      -0.251576709306583     
   5.33486750000000        1.18708166666667      -0.255015024526772     
   5.33486750000000        1.48335208333333      -0.257336083070367     
   5.33486750000000        1.77962250000000      -0.258462634078443     
   5.33486750000000        2.07589291666667      -0.258357072752210     
   5.33486750000000        2.37216333333333      -0.257069305922900     
   5.33486750000000        2.66843375000000      -0.255293582849804     
   5.33486750000000        2.96470416666667      -0.253511313992877     
   5.33486750000000        3.26097458333333      -0.251115105760998     
   5.33486750000000        3.55724500000000      -0.246477676860027     
   5.33486750000000        3.85351541666667      -0.238161803768009     
   5.33486750000000        4.14978583333333      -0.226516168686758     
   5.33486750000000        4.44605625000000      -0.213720044665877     
   5.33486750000000        4.74232666666667      -0.202375535089395     
   5.33486750000000        5.03859708333333      -0.193724392479182     
   5.33486750000000        5.33486750000000      -0.186332953923841     
   5.33486750000000        5.63113791666667      -0.179983590846584     
   5.33486750000000        5.92740833333333      -0.174676872616338     
   5.33486750000000        6.22367875000000      -0.170111444595690     
   5.33486750000000        6.51994916666667      -0.165798927570439     
   5.33486750000000        6.81621958333333      -0.161227910610930     
   5.33486750000000        7.11249000000000      -0.156156512305911     
   5.63113791666667       2.000000000000000E-003 -0.224706588898547     
   5.63113791666667       0.298270416666667      -0.229529472344123     
   5.63113791666667       0.594540833333333      -0.233360693610123     
   5.63113791666667       0.890811250000000      -0.236377178488191     
   5.63113791666667        1.18708166666667      -0.238611292790686     
   5.63113791666667        1.48335208333333      -0.240029417526645     
   5.63113791666667        1.77962250000000      -0.240616648305530     
   5.63113791666667        2.07589291666667      -0.240405542697586     
   5.63113791666667        2.37216333333333      -0.239474474979320     
   5.63113791666667        2.66843375000000      -0.237962011802173     
   5.63113791666667        2.96470416666667      -0.235986214401316     
   5.63113791666667        3.26097458333333      -0.233259310046723     
   5.63113791666667        3.55724500000000      -0.228760623563467     
   5.63113791666667        3.85351541666667      -0.221786832237104     
   5.63113791666667        4.14978583333333      -0.212729162720431     
   5.63113791666667        4.44605625000000      -0.203122795916442     
   5.63113791666667        4.74232666666667      -0.194194030218587     
   5.63113791666667        5.03859708333333      -0.186437822772086     
   5.63113791666667        5.33486750000000      -0.179983556707525     
   5.63113791666667        5.63113791666667      -0.174774040791684     
   5.63113791666667        5.92740833333333      -0.170484625211737     
   5.63113791666667        6.22367875000000      -0.166730579429091     
   5.63113791666667        6.51994916666667      -0.162885412135879     
   5.63113791666667        6.81621958333333      -0.158426558561766     
   5.63113791666667        7.11249000000000      -0.153332111601002     
   5.92740833333333       2.000000000000000E-003 -0.216066256625052     
   5.92740833333333       0.298270416666667      -0.219565033074086     
   5.92740833333333       0.594540833333333      -0.221934545471789     
   5.92740833333333       0.890811250000000      -0.223697915200156     
   5.92740833333333        1.18708166666667      -0.224955279492741     
   5.92740833333333        1.48335208333333      -0.225664969192409     
   5.92740833333333        1.77962250000000      -0.225829180148766     
   5.92740833333333        2.07589291666667      -0.225488670972819     
   5.92740833333333        2.37216333333333      -0.224662690267353     
   5.92740833333333        2.66843375000000      -0.223337538233408     
   5.92740833333333        2.96470416666667      -0.221387236624887     
   5.92740833333333        3.26097458333333      -0.218499351770733     
   5.92740833333333        3.55724500000000      -0.214236113265492     
   5.92740833333333        3.85351541666667      -0.208365515362707     
   5.92740833333333        4.14978583333333      -0.201206895886535     
   5.92740833333333        4.44605625000000      -0.193551516793979     
   5.92740833333333        4.74232666666667      -0.186244966277286     
   5.92740833333333        5.03859708333333      -0.179873309836363     
   5.92740833333333        5.33486750000000      -0.174676814944351     
   5.92740833333333        5.63113791666667      -0.170484601096466     
   5.92740833333333        5.92740833333333      -0.167080917082420     
   5.92740833333333        6.22367875000000      -0.164011635073480     
   5.92740833333333        6.51994916666667      -0.160497842253346     
   5.92740833333333        6.81621958333333      -0.155907991330139     
   5.92740833333333        7.11249000000000      -0.150559178925431     
   6.22367875000000       2.000000000000000E-003 -0.209092838715380     
   6.22367875000000       0.298270416666667      -0.211253885360896     
   6.22367875000000       0.594540833333333      -0.212218932209879     
   6.22367875000000       0.890811250000000      -0.212944424033121     
   6.22367875000000        1.18708166666667      -0.213392101692649     
   6.22367875000000        1.48335208333333      -0.213474488591406     
   6.22367875000000        1.77962250000000      -0.213212852854826     
   6.22367875000000        2.07589291666667      -0.212645425766846     
   6.22367875000000        2.37216333333333      -0.211740676200484     
   6.22367875000000        2.66843375000000      -0.210403090471264     
   6.22367875000000        2.96470416666667      -0.208462787169221     
   6.22367875000000        3.26097458333333      -0.205675601754174     
   6.22367875000000        3.55724500000000      -0.201819279430848     
   6.22367875000000        3.85351541666667      -0.196858647834868     
   6.22367875000000        4.14978583333333      -0.191070782164986     
   6.22367875000000        4.44605625000000      -0.184997456825020     
   6.22367875000000        4.74232666666667      -0.179238553764612     
   6.22367875000000        5.03859708333333      -0.174238810035846     
   6.22367875000000        5.33486750000000      -0.170111380966270     
   6.22367875000000        5.63113791666667      -0.166730551578038     
   6.22367875000000        5.92740833333333      -0.164011635916657     
   6.22367875000000        6.22367875000000      -0.161539073402100     
   6.22367875000000        6.51994916666667      -0.158395294288499     
   6.22367875000000        6.81621958333333      -0.153567881075388     
   6.22367875000000        7.11249000000000      -0.147674153068805     
   6.51994916666667       2.000000000000000E-003 -0.202683801032608     
   6.51994916666667       0.298270416666667      -0.203488024616711     
   6.51994916666667       0.594540833333333      -0.203463485434355     
   6.51994916666667       0.890811250000000      -0.203534247503357     
   6.51994916666667        1.18708166666667      -0.203312995075505     
   6.51994916666667        1.48335208333333      -0.202798869721160     
   6.51994916666667        1.77962250000000      -0.202093718594437     
   6.51994916666667        2.07589291666667      -0.201243424897200     
   6.51994916666667        2.37216333333333      -0.200204358420000     
   6.51994916666667        2.66843375000000      -0.198831157794204     
   6.51994916666667        2.96470416666667      -0.196972975235202     
   6.51994916666667        3.26097458333333      -0.194453145821762     
   6.51994916666667        3.55724500000000      -0.191147546065313     
   6.51994916666667        3.85351541666667      -0.187080187731235     
   6.51994916666667        4.14978583333333      -0.182477085134157     
   6.51994916666667        4.44605625000000      -0.177719285503604     
   6.51994916666667        4.74232666666667      -0.173209922472245     
   6.51994916666667        5.03859708333333      -0.169238865940114     
   6.51994916666667        5.33486750000000      -0.165798877122024     
   6.51994916666667        5.63113791666667      -0.162885400878679     
   6.51994916666667        5.92740833333333      -0.160497871043165     
   6.51994916666667        6.22367875000000      -0.158395343158791     
   6.51994916666667        6.51994916666667      -0.155901308278677     
   6.51994916666667        6.81621958333333      -0.151507512946434     
   6.51994916666667        7.11249000000000      -0.145034859558525     
   6.81621958333333       2.000000000000000E-003 -0.194177573052054     
   6.81621958333333       0.298270416666667      -0.195074415056277     
   6.81621958333333       0.594540833333333      -0.195352371544163     
   6.81621958333333       0.890811250000000      -0.195007194289190     
   6.81621958333333        1.18708166666667      -0.194191795840757     
   6.81621958333333        1.48335208333333      -0.193166617548837     
   6.81621958333333        1.77962250000000      -0.192089086873074     
   6.81621958333333        2.07589291666667      -0.191009923638842     
   6.81621958333333        2.37216333333333      -0.189883265803239     
   6.81621958333333        2.66843375000000      -0.188555279140407     
   6.81621958333333        2.96470416666667      -0.186893688292459     
   6.81621958333333        3.26097458333333      -0.184762630657809     
   6.81621958333333        3.55724500000000      -0.182068695004176     
   6.81621958333333        3.85351541666667      -0.178825004957753     
   6.81621958333333        4.14978583333333      -0.175184588924576     
   6.81621958333333        4.44605625000000      -0.171397041201942     
   6.81621958333333        4.74232666666667      -0.167719472934066     
   6.81621958333333        5.03859708333333      -0.164334581552317     
   6.81621958333333        5.33486750000000      -0.161227884722891     
   6.81621958333333        5.63113791666667      -0.158426569155179     
   6.81621958333333        5.92740833333333      -0.155908047643921     
   6.81621958333333        6.22367875000000      -0.153567991659911     
   6.81621958333333        6.51994916666667      -0.151507645587371     
   6.81621958333333        6.81621958333333      -0.149504714638295     
   6.81621958333333        7.11249000000000      -0.143879457529934     
   7.11249000000000       2.000000000000000E-003 -0.183277398208450     
   7.11249000000000       0.298270416666667      -0.186984940243304     
   7.11249000000000       0.594540833333333      -0.187523660886351     
   7.11249000000000       0.890811250000000      -0.186732759905050     
   7.11249000000000        1.18708166666667      -0.185542637765708     
   7.11249000000000        1.48335208333333      -0.184245715050764     
   7.11249000000000        1.77962250000000      -0.182990757291717     
   7.11249000000000        2.07589291666667      -0.181826140507303     
   7.11249000000000        2.37216333333333      -0.180720553018718     
   7.11249000000000        2.66843375000000      -0.179531141482290     
   7.11249000000000        2.96470416666667      -0.178136315401216     
   7.11249000000000        3.26097458333333      -0.176411820986634     
   7.11249000000000        3.55724500000000      -0.174257724110400     
   7.11249000000000        3.85351541666667      -0.171649577780491     
   7.11249000000000        4.14978583333333      -0.168671392475400     
   7.11249000000000        4.44605625000000      -0.165482643789328     
   7.11249000000000        4.74232666666667      -0.162257412846884     
   7.11249000000000        5.03859708333333      -0.159135829727810     
   7.11249000000000        5.33486750000000      -0.156156510172011     
   7.11249000000000        5.63113791666667      -0.153332131249680     
   7.11249000000000        5.92740833333333      -0.150559225484400     
   7.11249000000000        6.22367875000000      -0.147674241062010     
   7.11249000000000        6.51994916666667      -0.145034990003653     
   7.11249000000000        6.81621958333333      -0.143879544505179     
   7.11249000000000        7.11249000000000      -0.141206528032751     
