  2.000000000000000E-003  2.000000000000000E-003 -0.256745716054509     
  2.000000000000000E-003  0.298270416666667      -0.264292718552908     
  2.000000000000000E-003  0.594540833333333      -0.266653819515331     
  2.000000000000000E-003  0.890811250000000      -0.268898017327867     
  2.000000000000000E-003   1.18708166666667      -0.270203589872774     
  2.000000000000000E-003   1.48335208333333      -0.270112288402066     
  2.000000000000000E-003   1.77962250000000      -0.268730153760615     
  2.000000000000000E-003   2.07589291666667      -0.266256753969506     
  2.000000000000000E-003   2.37216333333333      -0.262852160999181     
  2.000000000000000E-003   2.66843375000000      -0.258657867013809     
  2.000000000000000E-003   2.96470416666667      -0.253561647699971     
  2.000000000000000E-003   3.26097458333333      -0.247560960155932     
  2.000000000000000E-003   3.55724500000000      -0.240742432214472     
  2.000000000000000E-003   3.85351541666667      -0.233269693140966     
  2.000000000000000E-003   4.14978583333333      -0.225385582162145     
  2.000000000000000E-003   4.44605625000000      -0.217382511289933     
  2.000000000000000E-003   4.74232666666667      -0.209541856943239     
  2.000000000000000E-003   5.03859708333333      -0.202070138202780     
  2.000000000000000E-003   5.33486750000000      -0.195135172607368     
  2.000000000000000E-003   5.63113791666667      -0.188764019152549     
  2.000000000000000E-003   5.92740833333333      -0.182904095168116     
  2.000000000000000E-003   6.22367875000000      -0.177493477526272     
  2.000000000000000E-003   6.51994916666667      -0.172816672518010     
  2.000000000000000E-003   6.81621958333333      -0.169523761115617     
  2.000000000000000E-003   7.11249000000000      -0.164944138615336     
  0.298270416666667       2.000000000000000E-003 -0.278153213722285     
  0.298270416666667       0.298270416666667      -0.278672343538915     
  0.298270416666667       0.594540833333333      -0.283428862964962     
  0.298270416666667       0.890811250000000      -0.287467101579617     
  0.298270416666667        1.18708166666667      -0.289942174858548     
  0.298270416666667        1.48335208333333      -0.290637304738269     
  0.298270416666667        1.77962250000000      -0.289621108655972     
  0.298270416666667        2.07589291666667      -0.287086244316221     
  0.298270416666667        2.37216333333333      -0.283284709728648     
  0.298270416666667        2.66843375000000      -0.278312235231997     
  0.298270416666667        2.96470416666667      -0.272089593983461     
  0.298270416666667        3.26097458333333      -0.264700157008448     
  0.298270416666667        3.55724500000000      -0.256337565648795     
  0.298270416666667        3.85351541666667      -0.247275719934382     
  0.298270416666667        4.14978583333333      -0.237851682594606     
  0.298270416666667        4.44605625000000      -0.228425772431375     
  0.298270416666667        4.74232666666667      -0.219323503485976     
  0.298270416666667        5.03859708333333      -0.210783027319033     
  0.298270416666667        5.33486750000000      -0.202891676842814     
  0.298270416666667        5.63113791666667      -0.195655799715419     
  0.298270416666667        5.92740833333333      -0.189051345634982     
  0.298270416666667        6.22367875000000      -0.183088423747444     
  0.298270416666667        6.51994916666667      -0.178207665271465     
  0.298270416666667        6.81621958333333      -0.175544749365432     
  0.298270416666667        7.11249000000000      -0.170748861787949     
  0.594540833333333       2.000000000000000E-003 -0.297213102949001     
  0.594540833333333       0.298270416666667      -0.296650890027083     
  0.594540833333333       0.594540833333333      -0.299107338661119     
  0.594540833333333       0.890811250000000      -0.305339449777842     
  0.594540833333333        1.18708166666667      -0.310509353946552     
  0.594540833333333        1.48335208333333      -0.313099670021616     
  0.594540833333333        1.77962250000000      -0.313065384007561     
  0.594540833333333        2.07589291666667      -0.310746743512968     
  0.594540833333333        2.37216333333333      -0.306558535445673     
  0.594540833333333        2.66843375000000      -0.300631947508085     
  0.594540833333333        2.96470416666667      -0.292998666203780     
  0.594540833333333        3.26097458333333      -0.283879434540716     
  0.594540833333333        3.55724500000000      -0.273608112820582     
  0.594540833333333        3.85351541666667      -0.262602390487144     
  0.594540833333333        4.14978583333333      -0.251326388107435     
  0.594540833333333        4.44605625000000      -0.240223618375823     
  0.594540833333333        4.74232666666667      -0.229653795184057     
  0.594540833333333        5.03859708333333      -0.219872436745904     
  0.594540833333333        5.33486750000000      -0.210909678264854     
  0.594540833333333        5.63113791666667      -0.202744068334135     
  0.594540833333333        5.92740833333333      -0.195475237114742     
  0.594540833333333        6.22367875000000      -0.189312414485494     
  0.594540833333333        6.51994916666667      -0.184617752391946     
  0.594540833333333        6.81621958333333      -0.180838704087118     
  0.594540833333333        7.11249000000000      -0.173785897510985     
  0.890811250000000       2.000000000000000E-003 -0.307515610840095     
  0.890811250000000       0.298270416666667      -0.312945106906788     
  0.890811250000000       0.594540833333333      -0.318550028642176     
  0.890811250000000       0.890811250000000      -0.326910853565034     
  0.890811250000000        1.18708166666667      -0.334596037112387     
  0.890811250000000        1.48335208333333      -0.339267550207876     
  0.890811250000000        1.77962250000000      -0.340372271508287     
  0.890811250000000        2.07589291666667      -0.338284837699953     
  0.890811250000000        2.37216333333333      -0.333556834963215     
  0.890811250000000        2.66843375000000      -0.326346554890865     
  0.890811250000000        2.96470416666667      -0.316909832267006     
  0.890811250000000        3.26097458333333      -0.305635274182216     
  0.890811250000000        3.55724500000000      -0.293001412910112     
  0.890811250000000        3.85351541666667      -0.279597172697992     
  0.890811250000000        4.14978583333333      -0.266068401745127     
  0.890811250000000        4.44605625000000      -0.252973278464493     
  0.890811250000000        4.74232666666667      -0.240677852156458     
  0.890811250000000        5.03859708333333      -0.229382162708173     
  0.890811250000000        5.33486750000000      -0.219126547167932     
  0.890811250000000        5.63113791666667      -0.209800233768477     
  0.890811250000000        5.92740833333333      -0.201582160117299     
  0.890811250000000        6.22367875000000      -0.194706021568759     
  0.890811250000000        6.51994916666667      -0.189113368879118     
  0.890811250000000        6.81621958333333      -0.183611345082264     
  0.890811250000000        7.11249000000000      -0.176125023133846     
   1.18708166666667       2.000000000000000E-003 -0.318322219196610     
   1.18708166666667       0.298270416666667      -0.330016151262776     
   1.18708166666667       0.594540833333333      -0.341463769058283     
   1.18708166666667       0.890811250000000      -0.353551620885257     
   1.18708166666667        1.18708166666667      -0.364056757097018     
   1.18708166666667        1.48335208333333      -0.370825249400625     
   1.18708166666667        1.77962250000000      -0.373082402286982     
   1.18708166666667        2.07589291666667      -0.371156756558212     
   1.18708166666667        2.37216333333333      -0.365520022515465     
   1.18708166666667        2.66843375000000      -0.356540769434787     
   1.18708166666667        2.96470416666667      -0.344795344589837     
   1.18708166666667        3.26097458333333      -0.330839343853111     
   1.18708166666667        3.55724500000000      -0.315231183643710     
   1.18708166666667        3.85351541666667      -0.298758752464174     
   1.18708166666667        4.14978583333333      -0.282396633181780     
   1.18708166666667        4.44605625000000      -0.266907055850603     
   1.18708166666667        4.74232666666667      -0.252603334181425     
   1.18708166666667        5.03859708333333      -0.239502059244946     
   1.18708166666667        5.33486750000000      -0.227583639368879     
   1.18708166666667        5.63113791666667      -0.216731445739273     
   1.18708166666667        5.92740833333333      -0.207091554743727     
   1.18708166666667        6.22367875000000      -0.198878646538923     
   1.18708166666667        6.51994916666667      -0.191902062276424     
   1.18708166666667        6.81621958333333      -0.185232853179241     
   1.18708166666667        7.11249000000000      -0.177794393047658     
   1.48335208333333       2.000000000000000E-003 -0.332721602884582     
   1.48335208333333       0.298270416666667      -0.350463835896866     
   1.48335208333333       0.594540833333333      -0.368283779067101     
   1.48335208333333       0.890811250000000      -0.385404146963989     
   1.48335208333333        1.18708166666667      -0.399646429223529     
   1.48335208333333        1.48335208333333      -0.409028954442684     
   1.48335208333333        1.77962250000000      -0.412823246643841     
   1.48335208333333        2.07589291666667      -0.411099545086038     
   1.48335208333333        2.37216333333333      -0.404135053728808     
   1.48335208333333        2.66843375000000      -0.392756662118918     
   1.48335208333333        2.96470416666667      -0.378073751117732     
   1.48335208333333        3.26097458333333      -0.360760780945505     
   1.48335208333333        3.55724500000000      -0.341345880472007     
   1.48335208333333        3.85351541666667      -0.320745561529646     
   1.48335208333333        4.14978583333333      -0.300560064465237     
   1.48335208333333        4.44605625000000      -0.282195377558800     
   1.48335208333333        4.74232666666667      -0.265670726169930     
   1.48335208333333        5.03859708333333      -0.250535563317177     
   1.48335208333333        5.33486750000000      -0.236541448066589     
   1.48335208333333        5.63113791666667      -0.223732830102643     
   1.48335208333333        5.92740833333333      -0.212246595708974     
   1.48335208333333        6.22367875000000      -0.202360080682480     
   1.48335208333333        6.51994916666667      -0.193968164980537     
   1.48335208333333        6.81621958333333      -0.186440028674550     
   1.48335208333333        7.11249000000000      -0.178979902806227     
   1.77962250000000       2.000000000000000E-003 -0.350496905990018     
   1.77962250000000       0.298270416666667      -0.374540230257469     
   1.77962250000000       0.594540833333333      -0.399174409627371     
   1.77962250000000       0.890811250000000      -0.422401651837139     
   1.77962250000000        1.18708166666667      -0.441668955816786     
   1.77962250000000        1.48335208333333      -0.454992516571234     
   1.77962250000000        1.77962250000000      -0.461449056304259     
   1.77962250000000        2.07589291666667      -0.460471612006796     
   1.77962250000000        2.37216333333333      -0.451957425614495     
   1.77962250000000        2.66843375000000      -0.436817788789918     
   1.77962250000000        2.96470416666667      -0.417706950460142     
   1.77962250000000        3.26097458333333      -0.396325504103380     
   1.77962250000000        3.55724500000000      -0.372629076171304     
   1.77962250000000        3.85351541666667      -0.347053083223358     
   1.77962250000000        4.14978583333333      -0.321955767775481     
   1.77962250000000        4.44605625000000      -0.299608186010797     
   1.77962250000000        4.74232666666667      -0.280285590230019     
   1.77962250000000        5.03859708333333      -0.262926969566086     
   1.77962250000000        5.33486750000000      -0.246491005834138     
   1.77962250000000        5.63113791666667      -0.231183113490098     
   1.77962250000000        5.92740833333333      -0.217465353619455     
   1.77962250000000        6.22367875000000      -0.205702477920177     
   1.77962250000000        6.51994916666667      -0.195916726208535     
   1.77962250000000        6.81621958333333      -0.187610369255537     
   1.77962250000000        7.11249000000000      -0.180000468770143     
   2.07589291666667       2.000000000000000E-003 -0.370703084426206     
   2.07589291666667       0.298270416666667      -0.401513774750714     
   2.07589291666667       0.594540833333333      -0.433642595946224     
   2.07589291666667       0.890811250000000      -0.464116016266847     
   2.07589291666667        1.18708166666667      -0.490034512739781     
   2.07589291666667        1.48335208333333      -0.509365893360299     
   2.07589291666667        1.77962250000000      -0.520990643154671     
   2.07589291666667        2.07589291666667      -0.522973035195893     
   2.07589291666667        2.37216333333333      -0.511897969736358     
   2.07589291666667        2.66843375000000      -0.490694639845881     
   2.07589291666667        2.96470416666667      -0.465308040129843     
   2.07589291666667        3.26097458333333      -0.439491627218356     
   2.07589291666667        3.55724500000000      -0.411342280740052     
   2.07589291666667        3.85351541666667      -0.379361216854596     
   2.07589291666667        4.14978583333333      -0.348009658924327     
   2.07589291666667        4.44605625000000      -0.321336261113296     
   2.07589291666667        4.74232666666667      -0.298581232463373     
   2.07589291666667        5.03859708333333      -0.277640752310288     
   2.07589291666667        5.33486750000000      -0.257916842566625     
   2.07589291666667        5.63113791666667      -0.239484798473136     
   2.07589291666667        5.92740833333333      -0.223069589768682     
   2.07589291666667        6.22367875000000      -0.209218349325961     
   2.07589291666667        6.51994916666667      -0.197991075688883     
   2.07589291666667        6.81621958333333      -0.188895791104683     
   2.07589291666667        7.11249000000000      -0.181033461945301     
   2.37216333333333       2.000000000000000E-003 -0.392212938860629     
   2.37216333333333       0.298270416666667      -0.430242230305742     
   2.37216333333333       0.594540833333333      -0.470326795369634     
   2.37216333333333       0.890811250000000      -0.508909764720082     
   2.37216333333333        1.18708166666667      -0.542995422549562     
   2.37216333333333        1.48335208333333      -0.571453781181779     
   2.37216333333333        1.77962250000000      -0.593901546974983     
   2.37216333333333        2.07589291666667      -0.600416062721685     
   2.37216333333333        2.37216333333333      -0.586808848723473     
   2.37216333333333        2.66843375000000      -0.557259024884042     
   2.37216333333333        2.96470416666667      -0.522542875875964     
   2.37216333333333        3.26097458333333      -0.492332238985609     
   2.37216333333333        3.55724500000000      -0.460339752418714     
   2.37216333333333        3.85351541666667      -0.419088686008101     
   2.37216333333333        4.14978583333333      -0.379949405637646     
   2.37216333333333        4.44605625000000      -0.349963786413925     
   2.37216333333333        4.74232666666667      -0.323587648388043     
   2.37216333333333        5.03859708333333      -0.297016740351417     
   2.37216333333333        5.33486750000000      -0.271366861804294     
   2.37216333333333        5.63113791666667      -0.248711013768636     
   2.37216333333333        5.92740833333333      -0.229075336162854     
   2.37216333333333        6.22367875000000      -0.212901589953453     
   2.37216333333333        6.51994916666667      -0.200182198880207     
   2.37216333333333        6.81621958333333      -0.190273277136611     
   2.37216333333333        7.11249000000000      -0.182097258163891     
   2.66843375000000       2.000000000000000E-003 -0.413103210502211     
   2.66843375000000       0.298270416666667      -0.458099641363695     
   2.66843375000000       0.594540833333333      -0.505888724703703     
   2.66843375000000       0.890811250000000      -0.552673732770781     
   2.66843375000000        1.18708166666667      -0.596357763666653     
   2.66843375000000        1.48335208333333      -0.638606947063101     
   2.66843375000000        1.77962250000000      -0.675847491644738     
   2.66843375000000        2.07589291666667      -0.690962358125775     
   2.66843375000000        2.37216333333333      -0.678770067907758     
   2.66843375000000        2.66843375000000      -0.640218381023545     
   2.66843375000000        2.96470416666667      -0.590141680128130     
   2.66843375000000        3.26097458333333      -0.554303279658394     
   2.66843375000000        3.55724500000000      -0.521551484805235     
   2.66843375000000        3.85351541666667      -0.466295723516917     
   2.66843375000000        4.14978583333333      -0.421598552972105     
   2.66843375000000        4.44605625000000      -0.392546378209910     
   2.66843375000000        4.74232666666667      -0.360394185963222     
   2.66843375000000        5.03859708333333      -0.323333100091361     
   2.66843375000000        5.33486750000000      -0.287690723797097     
   2.66843375000000        5.63113791666667      -0.258470497185027     
   2.66843375000000        5.92740833333333      -0.235162626466071     
   2.66843375000000        6.22367875000000      -0.216541335993109     
   2.66843375000000        6.51994916666667      -0.202307817889939     
   2.66843375000000        6.81621958333333      -0.191611076798354     
   2.66843375000000        7.11249000000000      -0.183141243934327     
   2.96470416666667       2.000000000000000E-003 -0.430633398063009     
   2.96470416666667       0.298270416666667      -0.481479782430123     
   2.96470416666667       0.594540833333333      -0.535814465841174     
   2.96470416666667       0.890811250000000      -0.590038744187884     
   2.96470416666667        1.18708166666667      -0.643832425041484     
   2.96470416666667        1.48335208333333      -0.703721210701333     
   2.96470416666667        1.77962250000000      -0.755774913861482     
   2.96470416666667        2.07589291666667      -0.785202098988382     
   2.96470416666667        2.37216333333333      -0.784281149071205     
   2.96470416666667        2.66843375000000      -0.744426597706281     
   2.96470416666667        2.96470416666667      -0.672666534336619     
   2.96470416666667        3.26097458333333      -0.617573622619790     
   2.96470416666667        3.55724500000000      -0.588512363095697     
   2.96470416666667        3.85351541666667      -0.520768896792149     
   2.96470416666667        4.14978583333333      -0.490675692721976     
   2.96470416666667        4.44605625000000      -0.464303021696799     
   2.96470416666667        4.74232666666667      -0.414052848110319     
   2.96470416666667        5.03859708333333      -0.356469254962901     
   2.96470416666667        5.33486750000000      -0.305874197680010     
   2.96470416666667        5.63113791666667      -0.267648482492467     
   2.96470416666667        5.92740833333333      -0.240625199110893     
   2.96470416666667        6.22367875000000      -0.219744116976897     
   2.96470416666667        6.51994916666667      -0.204159316108156     
   2.96470416666667        6.81621958333333      -0.192763588024059     
   2.96470416666667        7.11249000000000      -0.184026892127766     
   3.26097458333333       2.000000000000000E-003 -0.442362983274589     
   3.26097458333333       0.298270416666667      -0.497105068195510     
   3.26097458333333       0.594540833333333      -0.555864579627453     
   3.26097458333333       0.890811250000000      -0.615439977825666     
   3.26097458333333        1.18708166666667      -0.677410003360282     
   3.26097458333333        1.48335208333333      -0.750758122393833     
   3.26097458333333        1.77962250000000      -0.816815444194378     
   3.26097458333333        2.07589291666667      -0.862365496354460     
   3.26097458333333        2.37216333333333      -0.881157741316335     
   3.26097458333333        2.66843375000000      -0.860637873621733     
   3.26097458333333        2.96470416666667      -0.790166367400686     
   3.26097458333333        3.26097458333333      -0.690114251899806     
   3.26097458333333        3.55724500000000      -0.634073304693066     
   3.26097458333333        3.85351541666667      -0.611806148884749     
   3.26097458333333        4.14978583333333      -0.626914872174396     
   3.26097458333333        4.44605625000000      -0.568069140985680     
   3.26097458333333        4.74232666666667      -0.474694972682432     
   3.26097458333333        5.03859708333333      -0.388295434246987     
   3.26097458333333        5.33486750000000      -0.321480488833630     
   3.26097458333333        5.63113791666667      -0.274845420300256     
   3.26097458333333        5.92740833333333      -0.244489026346051     
   3.26097458333333        6.22367875000000      -0.221978358059225     
   3.26097458333333        6.51994916666667      -0.205442747007233     
   3.26097458333333        6.81621958333333      -0.193553161086227     
   3.26097458333333        7.11249000000000      -0.184620403185490     
   3.55724500000000       2.000000000000000E-003 -0.446524134875583     
   3.55724500000000       0.298270416666667      -0.502627048043363     
   3.55724500000000       0.594540833333333      -0.562946579291562     
   3.55724500000000       0.890811250000000      -0.624485519265837     
   3.55724500000000        1.18708166666667      -0.689656268863825     
   3.55724500000000        1.48335208333333      -0.768634364172498     
   3.55724500000000        1.77962250000000      -0.839073212659764     
   3.55724500000000        2.07589291666667      -0.892663874896550     
   3.55724500000000        2.37216333333333      -0.922778189620641     
   3.55724500000000        2.66843375000000      -0.920809751822407     
   3.55724500000000        2.96470416666667      -0.879316745762398     
   3.55724500000000        3.26097458333333      -0.793415384546659     
   3.55724500000000        3.55724500000000      -0.647322586782432     
   3.55724500000000        3.85351541666667      -0.729653900451947     
   3.55724500000000        4.14978583333333      -0.738962027016670     
   3.55724500000000        4.44605625000000      -0.628803390075584     
   3.55724500000000        4.74232666666667      -0.503952369679209     
   3.55724500000000        5.03859708333333      -0.402108152814914     
   3.55724500000000        5.33486750000000      -0.327814834233082     
   3.55724500000000        5.63113791666667      -0.277581624759101     
   3.55724500000000        5.92740833333333      -0.245887398908354     
   3.55724500000000        6.22367875000000      -0.222778292393922     
   3.55724500000000        6.51994916666667      -0.205898376057498     
   3.55724500000000        6.81621958333333      -0.193829646473353     
   3.55724500000000        7.11249000000000      -0.184824620325900     
   3.85351541666667       2.000000000000000E-003 -0.442415565918848     
   3.85351541666667       0.298270416666667      -0.497157205368207     
   3.85351541666667       0.594540833333333      -0.555913847983709     
   3.85351541666667       0.890811250000000      -0.615482773021875     
   3.85351541666667        1.18708166666667      -0.677442037757845     
   3.85351541666667        1.48335208333333      -0.750773744739058     
   3.85351541666667        1.77962250000000      -0.816802994575623     
   3.85351541666667        2.07589291666667      -0.862301657854584     
   3.85351541666667        2.37216333333333      -0.881004888687143     
   3.85351541666667        2.66843375000000      -0.860349447102040     
   3.85351541666667        2.96470416666667      -0.789748153536148     
   3.85351541666667        3.26097458333333      -0.689807533656633     
   3.85351541666667        3.55724500000000      -0.633961941057866     
   3.85351541666667        3.85351541666667      -0.611957419226226     
   3.85351541666667        4.14978583333333      -0.627271115129834     
   3.85351541666667        4.44605625000000      -0.568339650418713     
   3.85351541666667        4.74232666666667      -0.474847529713256     
   3.85351541666667        5.03859708333333      -0.388364745514873     
   3.85351541666667        5.33486750000000      -0.321500179835658     
   3.85351541666667        5.63113791666667      -0.274839954434892     
   3.85351541666667        5.92740833333333      -0.244473410541777     
   3.85351541666667        6.22367875000000      -0.221959191024402     
   3.85351541666667        6.51994916666667      -0.205424627105164     
   3.85351541666667        6.81621958333333      -0.193539015154016     
   3.85351541666667        7.11249000000000      -0.184611104008040     
   4.14978583333333       2.000000000000000E-003 -0.430728970674376     
   4.14978583333333       0.298270416666667      -0.481575569680607     
   4.14978583333333       0.594540833333333      -0.535905587853960     
   4.14978583333333       0.890811250000000      -0.590118314970207     
   4.14978583333333        1.18708166666667      -0.643892409928318     
   4.14978583333333        1.48335208333333      -0.703752419369167     
   4.14978583333333        1.77962250000000      -0.755762099411410     
   4.14978583333333        2.07589291666667      -0.785118966470391     
   4.14978583333333        2.37216333333333      -0.784096428014769     
   4.14978583333333        2.66843375000000      -0.744137936959867     
   4.14978583333333        2.96470416666667      -0.672374808969248     
   4.14978583333333        3.26097458333333      -0.617447338124160     
   4.14978583333333        3.55724500000000      -0.588380608050729     
   4.14978583333333        3.85351541666667      -0.520682160244302     
   4.14978583333333        4.14978583333333      -0.490847155193137     
   4.14978583333333        4.44605625000000      -0.464539177686986     
   4.14978583333333        4.74232666666667      -0.414220622792618     
   4.14978583333333        5.03859708333333      -0.356551405392603     
   4.14978583333333        5.33486750000000      -0.305893638671027     
   4.14978583333333        5.63113791666667      -0.267633621138985     
   4.14978583333333        5.92740833333333      -0.240595741573454     
   4.14978583333333        6.22367875000000      -0.219709699525054     
   4.14978583333333        6.51994916666667      -0.204128062414404     
   4.14978583333333        6.81621958333333      -0.192740597188851     
   4.14978583333333        7.11249000000000      -0.184013558718579     
   4.44605625000000       2.000000000000000E-003 -0.413225479722096     
   4.44605625000000       0.298270416666667      -0.458224878733655     
   4.44605625000000       0.594540833333333      -0.506009500172042     
   4.44605625000000       0.890811250000000      -0.552779764085934     
   4.44605625000000        1.18708166666667      -0.596437999412127     
   4.44605625000000        1.48335208333333      -0.638650772900720     
   4.44605625000000        1.77962250000000      -0.675843343313939     
   4.44605625000000        2.07589291666667      -0.690895243419381     
   4.44605625000000        2.37216333333333      -0.678632226243427     
   4.44605625000000        2.66843375000000      -0.640036884205857     
   4.44605625000000        2.96470416666667      -0.589992796366474     
   4.44605625000000        3.26097458333333      -0.554220807669121     
   4.44605625000000        3.55724500000000      -0.521428895156382     
   4.44605625000000        3.85351541666667      -0.466162456566022     
   4.44605625000000        4.14978583333333      -0.421597349966125     
   4.44605625000000        4.44605625000000      -0.392641007640920     
   4.44605625000000        4.74232666666667      -0.360487878857250     
   4.44605625000000        5.03859708333333      -0.323380722637029     
   4.44605625000000        5.33486750000000      -0.287692538058343     
   4.44605625000000        5.63113791666667      -0.258445172006401     
   4.44605625000000        5.92740833333333      -0.235123237085587     
   4.44605625000000        6.22367875000000      -0.216498458636852     
   4.44605625000000        6.51994916666667      -0.202271699335368     
   4.44605625000000        6.81621958333333      -0.191588521663515     
   4.44605625000000        7.11249000000000      -0.183133436846043     
   4.74232666666667       2.000000000000000E-003 -0.392343676824222     
   4.74232666666667       0.298270416666667      -0.430382247198667     
   4.74232666666667       0.594540833333333      -0.470464735935654     
   4.74232666666667       0.890811250000000      -0.509030759071588     
   4.74232666666667        1.18708166666667      -0.543085754760934     
   4.74232666666667        1.48335208333333      -0.571503361581916     
   4.74232666666667        1.77962250000000      -0.593903566001433     
   4.74232666666667        2.07589291666667      -0.600368133247616     
   4.74232666666667        2.37216333333333      -0.586717157176160     
   4.74232666666667        2.66843375000000      -0.557148492481450     
   4.74232666666667        2.96470416666667      -0.522448026449321     
   4.74232666666667        3.26097458333333      -0.492252187714921     
   4.74232666666667        3.55724500000000      -0.460235066918041     
   4.74232666666667        3.85351541666667      -0.418976350449445     
   4.74232666666667        4.14978583333333      -0.379893024156929     
   4.74232666666667        4.44605625000000      -0.349968884991233     
   4.74232666666667        4.74232666666667      -0.323611120058385     
   4.74232666666667        5.03859708333333      -0.297024254949191     
   4.74232666666667        5.33486750000000      -0.271351152108123     
   4.74232666666667        5.63113791666667      -0.248678565701459     
   4.74232666666667        5.92740833333333      -0.229031613234493     
   4.74232666666667        6.22367875000000      -0.212857379035290     
   4.74232666666667        6.51994916666667      -0.200150054531811     
   4.74232666666667        6.81621958333333      -0.190262219001066     
   4.74232666666667        7.11249000000000      -0.182107998194511     
   5.03859708333333       2.000000000000000E-003 -0.370824450587916     
   5.03859708333333       0.298270416666667      -0.401658142388681     
   5.03859708333333       0.594540833333333      -0.433791888205804     
   5.03859708333333       0.890811250000000      -0.464244269571189     
   5.03859708333333        1.18708166666667      -0.490124708852712     
   5.03859708333333        1.48335208333333      -0.509410801657142     
   5.03859708333333        1.77962250000000      -0.520989951211173     
   5.03859708333333        2.07589291666667      -0.522931165576137     
   5.03859708333333        2.37216333333333      -0.511827046332447     
   5.03859708333333        2.66843375000000      -0.490612874939007     
   5.03859708333333        2.96470416666667      -0.465231203594638     
   5.03859708333333        3.26097458333333      -0.439418498008821     
   5.03859708333333        3.55724500000000      -0.411261513203623     
   5.03859708333333        3.85351541666667      -0.379280945337149     
   5.03859708333333        4.14978583333333      -0.347954175738236     
   5.03859708333333        4.44605625000000      -0.321311659818552     
   5.03859708333333        4.74232666666667      -0.298571645202228     
   5.03859708333333        5.03859708333333      -0.277629103775298     
   5.03859708333333        5.33486750000000      -0.257896551737098     
   5.03859708333333        5.63113791666667      -0.239451621035932     
   5.03859708333333        5.92740833333333      -0.223026421179722     
   5.03859708333333        6.22367875000000      -0.209176451199450     
   5.03859708333333        6.51994916666667      -0.197968112519684     
   5.03859708333333        6.81621958333333      -0.188907791236110     
   5.03859708333333        7.11249000000000      -0.181080947185567     
   5.33486750000000       2.000000000000000E-003 -0.350570383965599     
   5.33486750000000       0.298270416666667      -0.374662909611388     
   5.33486750000000       0.594540833333333      -0.399320249907463     
   5.33486750000000       0.890811250000000      -0.422529263537956     
   5.33486750000000        1.18708166666667      -0.441749658138618     
   5.33486750000000        1.48335208333333      -0.455020025629285     
   5.33486750000000        1.77962250000000      -0.461432508942423     
   5.33486750000000        2.07589291666667      -0.460422544686039     
   5.33486750000000        2.37216333333333      -0.451888652220038     
   5.33486750000000        2.66843375000000      -0.436744233608905     
   5.33486750000000        2.96470416666667      -0.417638982743168     
   5.33486750000000        3.26097458333333      -0.396264783024233     
   5.33486750000000        3.55724500000000      -0.372572827310577     
   5.33486750000000        3.85351541666667      -0.347003465596200     
   5.33486750000000        4.14978583333333      -0.321919652944398     
   5.33486750000000        4.44605625000000      -0.299587521584669     
   5.33486750000000        4.74232666666667      -0.280275072569058     
   5.33486750000000        5.03859708333333      -0.262919591457942     
   5.33486750000000        5.33486750000000      -0.246477616514196     
   5.33486750000000        5.63113791666667      -0.231156606784264     
   5.33486750000000        5.92740833333333      -0.217424483600329     
   5.33486750000000        6.22367875000000      -0.205661798157616     
   5.33486750000000        6.51994916666667      -0.195905403103207     
   5.33486750000000        6.81621958333333      -0.187657040199331     
   5.33486750000000        7.11249000000000      -0.180106200836565     
   5.63113791666667       2.000000000000000E-003 -0.332688493491625     
   5.63113791666667       0.298270416666667      -0.350527186356469     
   5.63113791666667       0.594540833333333      -0.368404708970793     
   5.63113791666667       0.890811250000000      -0.385510635658761     
   5.63113791666667        1.18708166666667      -0.399696725726515     
   5.63113791666667        1.48335208333333      -0.409021502684875     
   5.63113791666667        1.77962250000000      -0.412776177558348     
   5.63113791666667        2.07589291666667      -0.411030740857795     
   5.63113791666667        2.37216333333333      -0.404058125562239     
   5.63113791666667        2.66843375000000      -0.392682991792969     
   5.63113791666667        2.96470416666667      -0.378011290614149     
   5.63113791666667        3.26097458333333      -0.360711995181488     
   5.63113791666667        3.55724500000000      -0.341309281590564     
   5.63113791666667        3.85351541666667      -0.320719784513771     
   5.63113791666667        4.14978583333333      -0.300545250224916     
   5.63113791666667        4.44605625000000      -0.282191678536775     
   5.63113791666667        4.74232666666667      -0.265676306054892     
   5.63113791666667        5.03859708333333      -0.250545176870926     
   5.63113791666667        5.33486750000000      -0.236546786847321     
   5.63113791666667        5.63113791666667      -0.223722818347154     
   5.63113791666667        5.92740833333333      -0.212215759695532     
   5.63113791666667        6.22367875000000      -0.202321706652426     
   5.63113791666667        6.51994916666667      -0.193965155864827     
   5.63113791666667        6.81621958333333      -0.186528612099380     
   5.63113791666667        7.11249000000000      -0.179169639578287     
   5.92740833333333       2.000000000000000E-003 -0.318103494264061     
   5.92740833333333       0.298270416666667      -0.329986569015198     
   5.92740833333333       0.594540833333333      -0.341547693006352     
   5.92740833333333       0.890811250000000      -0.353615037874509     
   5.92740833333333        1.18708166666667      -0.364048580922953     
   5.92740833333333        1.48335208333333      -0.370759056478572     
   5.92740833333333        1.77962250000000      -0.372989017104716     
   5.92740833333333        2.07589291666667      -0.371059319950740     
   5.92740833333333        2.37216333333333      -0.365428533184122     
   5.92740833333333        2.66843375000000      -0.356462352536563     
   5.92740833333333        2.96470416666667      -0.344734409880910     
   5.92740833333333        3.26097458333333      -0.330797097567613     
   5.92740833333333        3.55724500000000      -0.315205872978339     
   5.92740833333333        3.85351541666667      -0.298748185461505     
   5.92740833333333        4.14978583333333      -0.282399328275388     
   5.92740833333333        4.44605625000000      -0.266922420290979     
   5.92740833333333        4.74232666666667      -0.252630200625272     
   5.92740833333333        5.03859708333333      -0.239537805695191     
   5.92740833333333        5.33486750000000      -0.227621594756905     
   5.92740833333333        5.63113791666667      -0.216757708890043     
   5.92740833333333        5.92740833333333      -0.207090380396611     
   5.92740833333333        6.22367875000000      -0.198848657347410     
   5.92740833333333        6.51994916666667      -0.191893140894948     
   5.92740833333333        6.81621958333333      -0.185356870123045     
   5.92740833333333        7.11249000000000      -0.178096560140485     
   6.22367875000000       2.000000000000000E-003 -0.307036504675988     
   6.22367875000000       0.298270416666667      -0.312826243713822     
   6.22367875000000       0.594540833333333      -0.318596840459909     
   6.22367875000000       0.890811250000000      -0.326898031963644     
   6.22367875000000        1.18708166666667      -0.334495312489561     
   6.22367875000000        1.48335208333333      -0.339122863633087     
   6.22367875000000        1.77962250000000      -0.340224217652128     
   6.22367875000000        2.07589291666667      -0.338156218191629     
   6.22367875000000        2.37216333333333      -0.333451059409364     
   6.22367875000000        2.66843375000000      -0.326263708689078     
   6.22367875000000        2.96470416666667      -0.316850617266857     
   6.22367875000000        3.26097458333333      -0.305598891589408     
   6.22367875000000        3.55724500000000      -0.292985520510366     
   6.22367875000000        3.85351541666667      -0.279599035980089     
   6.22367875000000        4.14978583333333      -0.266086144507990     
   6.22367875000000        4.44605625000000      -0.253006406050013     
   6.22367875000000        4.74232666666667      -0.240727065537287     
   6.22367875000000        5.03859708333333      -0.229449084179686     
   6.22367875000000        5.33486750000000      -0.219209788659472     
   6.22367875000000        5.63113791666667      -0.209887704585534     
   6.22367875000000        5.92740833333333      -0.201648801805590     
   6.22367875000000        6.22367875000000      -0.194718456110684     
   6.22367875000000        6.51994916666667      -0.189088088456342     
   6.22367875000000        6.81621958333333      -0.183732297655281     
   6.22367875000000        7.11249000000000      -0.176556908039965     
   6.51994916666667       2.000000000000000E-003 -0.296555325224268     
   6.51994916666667       0.298270416666667      -0.296547899131254     
   6.51994916666667       0.594540833333333      -0.299087656008211     
   6.51994916666667       0.890811250000000      -0.305189577426163     
   6.51994916666667        1.18708166666667      -0.310289379406339     
   6.51994916666667        1.48335208333333      -0.312876572868277     
   6.51994916666667        1.77962250000000      -0.312871870589348     
   6.51994916666667        2.07589291666667      -0.310594699811665     
   6.51994916666667        2.37216333333333      -0.306445025812382     
   6.51994916666667        2.66843375000000      -0.300548985049569     
   6.51994916666667        2.96470416666667      -0.292943205636016     
   6.51994916666667        3.26097458333333      -0.283849020888095     
   6.51994916666667        3.55724500000000      -0.273599820592076     
   6.51994916666667        3.85351541666667      -0.262613502640974     
   6.51994916666667        4.14978583333333      -0.251355044192918     
   6.51994916666667        4.44605625000000      -0.240269900463241     
   6.51994916666667        4.74232666666667      -0.229720420766163     
   6.51994916666667        5.03859708333333      -0.219966764166365     
   6.51994916666667        5.33486750000000      -0.211037676523068     
   6.51994916666667        5.63113791666667      -0.202905697572069     
   6.51994916666667        5.92740833333333      -0.195655780145920     
   6.51994916666667        6.22367875000000      -0.189459025839258     
   6.51994916666667        6.51994916666667      -0.184647671502589     
   6.51994916666667        6.81621958333333      -0.180885633521030     
   6.51994916666667        7.11249000000000      -0.174281846055368     
   6.81621958333333       2.000000000000000E-003 -0.277803150993913     
   6.81621958333333       0.298270416666667      -0.278614780838280     
   6.81621958333333       0.594540833333333      -0.283210274753532     
   6.81621958333333       0.890811250000000      -0.287163301154034     
   6.81621958333333        1.18708166666667      -0.289641284896403     
   6.81621958333333        1.48335208333333      -0.290377459577117     
   6.81621958333333        1.77962250000000      -0.289413915909007     
   6.81621958333333        2.07589291666667      -0.286931668544384     
   6.81621958333333        2.37216333333333      -0.283174787946537     
   6.81621958333333        2.66843375000000      -0.278235442588314     
   6.81621958333333        2.96470416666667      -0.272040706776034     
   6.81621958333333        3.26097458333333      -0.264675915200887     
   6.81621958333333        3.55724500000000      -0.256335024008556     
   6.81621958333333        3.85351541666667      -0.247292075252042     
   6.81621958333333        4.14978583333333      -0.237885397644377     
   6.81621958333333        4.44605625000000      -0.228477260949878     
   6.81621958333333        4.74232666666667      -0.219396607824918     
   6.81621958333333        5.03859708333333      -0.210887925163720     
   6.81621958333333        5.33486750000000      -0.203040321789261     
   6.81621958333333        5.63113791666667      -0.195861587751639     
   6.81621958333333        5.92740833333333      -0.189326426435879     
   6.81621958333333        6.22367875000000      -0.183423291524842     
   6.81621958333333        6.51994916666667      -0.178506582406735     
   6.81621958333333        6.81621958333333      -0.175629423331072     
   6.81621958333333        7.11249000000000      -0.171053054363754     
   7.11249000000000       2.000000000000000E-003 -0.256683978281807     
   7.11249000000000       0.298270416666667      -0.264133137425909     
   7.11249000000000       0.594540833333333      -0.266443541319291     
   7.11249000000000       0.890811250000000      -0.268650991959511     
   7.11249000000000        1.18708166666667      -0.269956009626518     
   7.11249000000000        1.48335208333333      -0.269893526247637     
   7.11249000000000        1.77962250000000      -0.268553423377557     
   7.11249000000000        2.07589291666667      -0.266123519675017     
   7.11249000000000        2.37216333333333      -0.262757723849382     
   7.11249000000000        2.66843375000000      -0.258593054473136     
   7.11249000000000        2.96470416666667      -0.253521783651661     
   7.11249000000000        3.26097458333333      -0.247542947539600     
   7.11249000000000        3.55724500000000      -0.240743644387316     
   7.11249000000000        3.85351541666667      -0.233287623060450     
   7.11249000000000        4.14978583333333      -0.225418805999626     
   7.11249000000000        4.44605625000000      -0.217431100238659     
   7.11249000000000        4.74232666666667      -0.209608650714870     
   7.11249000000000        5.03859708333333      -0.202162858038228     
   7.11249000000000        5.33486750000000      -0.195262836495238     
   7.11249000000000        5.63113791666667      -0.188937250410824     
   7.11249000000000        5.92740833333333      -0.183131942317750     
   7.11249000000000        6.22367875000000      -0.177776200142161     
   7.11249000000000        6.51994916666667      -0.173124716094949     
   7.11249000000000        6.81621958333333      -0.169758756847388     
   7.11249000000000        7.11249000000000      -0.165043865113050     
