  2.000000000000000E-003  2.000000000000000E-003 -0.646719838362784     
  2.000000000000000E-003  0.298270416666667      -0.633436150841704     
  2.000000000000000E-003  0.594540833333333      -0.587910369261997     
  2.000000000000000E-003  0.890811250000000      -0.521062099053029     
  2.000000000000000E-003   1.18708166666667      -0.459990828565584     
  2.000000000000000E-003   1.48335208333333      -0.411120472216514     
  2.000000000000000E-003   1.77962250000000      -0.372496609472004     
  2.000000000000000E-003   2.07589291666667      -0.341264566974331     
  2.000000000000000E-003   2.37216333333333      -0.315175687003532     
  2.000000000000000E-003   2.66843375000000      -0.292962466583713     
  2.000000000000000E-003   2.96470416666667      -0.273579051908619     
  2.000000000000000E-003   3.26097458333333      -0.256314054373336     
  2.000000000000000E-003   3.55724500000000      -0.240722055895823     
  2.000000000000000E-003   3.85351541666667      -0.226560188630044     
  2.000000000000000E-003   4.14978583333333      -0.213723558124301     
  2.000000000000000E-003   4.44605625000000      -0.202160969182360     
  2.000000000000000E-003   4.74232666666667      -0.191801110991965     
  2.000000000000000E-003   5.03859708333333      -0.182527784770027     
  2.000000000000000E-003   5.33486750000000      -0.174445133715205     
  2.000000000000000E-003   5.63113791666667      -0.167562630167740     
  2.000000000000000E-003   5.92740833333333      -0.161845120465388     
  2.000000000000000E-003   6.22367875000000      -0.157202492210091     
  2.000000000000000E-003   6.51994916666667      -0.153437066542919     
  2.000000000000000E-003   6.81621958333333      -0.149930102660316     
  2.000000000000000E-003   7.11249000000000      -0.145692261366430     
  0.298270416666667       2.000000000000000E-003 -0.792936156163593     
  0.298270416666667       0.298270416666667      -0.689195659287569     
  0.298270416666667       0.594540833333333      -0.616818490693312     
  0.298270416666667       0.890811250000000      -0.553702561222136     
  0.298270416666667        1.18708166666667      -0.491936076435936     
  0.298270416666667        1.48335208333333      -0.439251631496466     
  0.298270416666667        1.77962250000000      -0.396180927154502     
  0.298270416666667        2.07589291666667      -0.360668463292268     
  0.298270416666667        2.37216333333333      -0.330777840174541     
  0.298270416666667        2.66843375000000      -0.305592938493356     
  0.298270416666667        2.96470416666667      -0.283847744666499     
  0.298270416666667        3.26097458333333      -0.264674373143759     
  0.298270416666667        3.55724500000000      -0.247538881552340     
  0.298270416666667        3.85351541666667      -0.232144018009140     
  0.298270416666667        4.14978583333333      -0.218338508137318     
  0.298270416666667        4.44605625000000      -0.206022518361381     
  0.298270416666667        4.74232666666667      -0.195076059370539     
  0.298270416666667        5.03859708333333      -0.185341547796541     
  0.298270416666667        5.33486750000000      -0.176873822786820     
  0.298270416666667        5.63113791666667      -0.169697085415061     
  0.298270416666667        5.92740833333333      -0.163761583156774     
  0.298270416666667        6.22367875000000      -0.158983625073279     
  0.298270416666667        6.51994916666667      -0.155214804610434     
  0.298270416666667        6.81621958333333      -0.152266012108486     
  0.298270416666667        7.11249000000000      -0.148502656584055     
  0.594540833333333       2.000000000000000E-003 -0.878130229221168     
  0.594540833333333       0.298270416666667      -0.788940522632260     
  0.594540833333333       0.594540833333333      -0.672059301474361     
  0.594540833333333       0.890811250000000      -0.589725880542358     
  0.594540833333333        1.18708166666667      -0.522236909823271     
  0.594540833333333        1.48335208333333      -0.465097748955934     
  0.594540833333333        1.77962250000000      -0.417567387796064     
  0.594540833333333        2.07589291666667      -0.377976017116924     
  0.594540833333333        2.37216333333333      -0.344731558158787     
  0.594540833333333        2.66843375000000      -0.316865928897155     
  0.594540833333333        2.96470416666667      -0.292965900227672     
  0.594540833333333        3.26097458333333      -0.272063270949724     
  0.594540833333333        3.55724500000000      -0.253539551099239     
  0.594540833333333        3.85351541666667      -0.237035302457185     
  0.594540833333333        4.14978583333333      -0.222351231435535     
  0.594540833333333        4.44605625000000      -0.209348792853256     
  0.594540833333333        4.74232666666667      -0.197879604639471     
  0.594540833333333        5.03859708333333      -0.187761431302902     
  0.594540833333333        5.33486750000000      -0.178990499561229     
  0.594540833333333        5.63113791666667      -0.171582496981431     
  0.594540833333333        5.92740833333333      -0.165484866102754     
  0.594540833333333        6.22367875000000      -0.160599100428209     
  0.594540833333333        6.51994916666667      -0.156691778256133     
  0.594540833333333        6.81621958333333      -0.153273529952594     
  0.594540833333333        7.11249000000000      -0.149216203447164     
  0.890811250000000       2.000000000000000E-003 -0.919617265790116     
  0.890811250000000       0.298270416666667      -0.859269648384413     
  0.890811250000000       0.594540833333333      -0.743627636808021     
  0.890811250000000       0.890811250000000      -0.639806022342191     
  0.890811250000000        1.18708166666667      -0.556989376921219     
  0.890811250000000        1.48335208333333      -0.490506269756651     
  0.890811250000000        1.77962250000000      -0.436684444447135     
  0.890811250000000        2.07589291666667      -0.392663405187568     
  0.890811250000000        2.37216333333333      -0.356479439697113     
  0.890811250000000        2.66843375000000      -0.326304075149120     
  0.890811250000000        2.96470416666667      -0.300600628700977     
  0.890811250000000        3.26097458333333      -0.278287788047457     
  0.890811250000000        3.55724500000000      -0.258638019979770     
  0.890811250000000        3.85351541666667      -0.241211195900013     
  0.890811250000000        4.14978583333333      -0.225764136681560     
  0.890811250000000        4.44605625000000      -0.212140774735081     
  0.890811250000000        4.74232666666667      -0.200187906896081     
  0.890811250000000        5.03859708333333      -0.189730690765578     
  0.890811250000000        5.33486750000000      -0.180664632546015     
  0.890811250000000        5.63113791666667      -0.173003394586777     
  0.890811250000000        5.92740833333333      -0.166663257270108     
  0.890811250000000        6.22367875000000      -0.161480227752142     
  0.890811250000000        6.51994916666667      -0.157122617445010     
  0.890811250000000        6.81621958333333      -0.153021996357020     
  0.890811250000000        7.11249000000000      -0.148503819251410     
   1.18708166666667       2.000000000000000E-003 -0.921608288086666     
   1.18708166666667       0.298270416666667      -0.879881762992784     
   1.18708166666667       0.594540833333333      -0.783434220923973     
   1.18708166666667       0.890811250000000      -0.678254943673410     
   1.18708166666667        1.18708166666667      -0.586506438876094     
   1.18708166666667        1.48335208333333      -0.511698657996831     
   1.18708166666667        1.77962250000000      -0.451827327422623     
   1.18708166666667        2.07589291666667      -0.404049285770116     
   1.18708166666667        2.37216333333333      -0.365464125452834     
   1.18708166666667        2.66843375000000      -0.333518950253267     
   1.18708166666667        2.96470416666667      -0.306532094309493     
   1.18708166666667        3.26097458333333      -0.283265725084938     
   1.18708166666667        3.55724500000000      -0.262837559920249     
   1.18708166666667        3.85351541666667      -0.244709264368841     
   1.18708166666667        4.14978583333333      -0.228615875868581     
   1.18708166666667        4.44605625000000      -0.214425971243011     
   1.18708166666667        4.74232666666667      -0.202012156223814     
   1.18708166666667        5.03859708333333      -0.191208164986936     
   1.18708166666667        5.33486750000000      -0.181850874242764     
   1.18708166666667        5.63113791666667      -0.173884744108073     
   1.18708166666667        5.92740833333333      -0.167197824904597     
   1.18708166666667        6.22367875000000      -0.161580630339448     
   1.18708166666667        6.51994916666667      -0.156690819263601     
   1.18708166666667        6.81621958333333      -0.152060440521976     
   1.18708166666667        7.11249000000000      -0.147274407936498     
   1.48335208333333       2.000000000000000E-003 -0.891613838901250     
   1.48335208333333       0.298270416666667      -0.861418819791079     
   1.48335208333333       0.594540833333333      -0.784350154614615     
   1.48335208333333       0.890811250000000      -0.690376391213570     
   1.48335208333333        1.18708166666667      -0.600062292105452     
   1.48335208333333        1.48335208333333      -0.522752267228617     
   1.48335208333333        1.77962250000000      -0.460341966910817     
   1.48335208333333        2.07589291666667      -0.411022948133099     
   1.48335208333333        2.37216333333333      -0.371109025767911     
   1.48335208333333        2.66843375000000      -0.338255503992393     
   1.48335208333333        2.96470416666667      -0.310730475391715     
   1.48335208333333        3.26097458333333      -0.287076747032891     
   1.48335208333333        3.55724500000000      -0.266250387413704     
   1.48335208333333        3.85351541666667      -0.247619045743524     
   1.48335208333333        4.14978583333333      -0.230955566797168     
   1.48335208333333        4.44605625000000      -0.216223274511927     
   1.48335208333333        4.74232666666667      -0.203374633942802     
   1.48335208333333        5.03859708333333      -0.192237438982439     
   1.48335208333333        5.33486750000000      -0.182603751250672     
   1.48335208333333        5.63113791666667      -0.174316435068389     
   1.48335208333333        5.92740833333333      -0.167251339998980     
   1.48335208333333        6.22367875000000      -0.161201585000828     
   1.48335208333333        6.51994916666667      -0.155861238915081     
   1.48335208333333        6.81621958333333      -0.150881803862109     
   1.48335208333333        7.11249000000000      -0.145974335646756     
   1.77962250000000       2.000000000000000E-003 -0.838247768078314     
   1.77962250000000       0.298270416666667      -0.816068264720570     
   1.77962250000000       0.594540833333333      -0.755125084007473     
   1.77962250000000       0.890811250000000      -0.675302722631155     
   1.77962250000000        1.18708166666667      -0.593571558061333     
   1.77962250000000        1.48335208333333      -0.520786981013772     
   1.77962250000000        1.77962250000000      -0.461337362457558     
   1.77962250000000        2.07589291666667      -0.412759194910939     
   1.77962250000000        2.37216333333333      -0.373043826748769     
   1.77962250000000        2.66843375000000      -0.340353770133768     
   1.77962250000000        2.96470416666667      -0.313056511139650     
   1.77962250000000        3.26097458333333      -0.289619321554726     
   1.77962250000000        3.55724500000000      -0.268730282653764     
   1.77962250000000        3.85351541666667      -0.249754656619308     
   1.77962250000000        4.14978583333333      -0.232621011873446     
   1.77962250000000        4.44605625000000      -0.217463649807866     
   1.77962250000000        4.74232666666667      -0.204262510138903     
   1.77962250000000        5.03859708333333      -0.192879447486033     
   1.77962250000000        5.33486750000000      -0.183020749235147     
   1.77962250000000        5.63113791666667      -0.174466071474272     
   1.77962250000000        5.92740833333333      -0.167065089830507     
   1.77962250000000        6.22367875000000      -0.160654959982638     
   1.77962250000000        6.51994916666667      -0.154987492574886     
   1.77962250000000        6.81621958333333      -0.149787870443384     
   1.77962250000000        7.11249000000000      -0.144828343183963     
   2.07589291666667       2.000000000000000E-003 -0.767862219249490     
   2.07589291666667       0.298270416666667      -0.750041940955877     
   2.07589291666667       0.594540833333333      -0.703061463515274     
   2.07589291666667       0.890811250000000      -0.638168294997307     
   2.07589291666667        1.18708166666667      -0.571189557924851     
   2.07589291666667        1.48335208333333      -0.509211737036002     
   2.07589291666667        1.77962250000000      -0.454903392614501     
   2.07589291666667        2.07589291666667      -0.408980542420844     
   2.07589291666667        2.37216333333333      -0.370798201488197     
   2.07589291666667        2.66843375000000      -0.339256467643312     
   2.07589291666667        2.96470416666667      -0.313102086890970     
   2.07589291666667        3.26097458333333      -0.290645263770190     
   2.07589291666667        3.55724500000000      -0.270119038677879     
   2.07589291666667        3.85351541666667      -0.250875291901595     
   2.07589291666667        4.14978583333333      -0.233384955575405     
   2.07589291666667        4.44605625000000      -0.218055857514043     
   2.07589291666667        4.74232666666667      -0.204752718177715     
   2.07589291666667        5.03859708333333      -0.193210800970196     
   2.07589291666667        5.33486750000000      -0.183226645122936     
   2.07589291666667        5.63113791666667      -0.174477208614492     
   2.07589291666667        5.92740833333333      -0.166824569102612     
   2.07589291666667        6.22367875000000      -0.160144077959483     
   2.07589291666667        6.51994916666667      -0.154245640062028     
   2.07589291666667        6.81621958333333      -0.148906208906499     
   2.07589291666667        7.11249000000000      -0.143919287175578     
   2.37216333333333       2.000000000000000E-003 -0.689179118978752     
   2.37216333333333       0.298270416666667      -0.676968252216811     
   2.37216333333333       0.594540833333333      -0.643472998915025     
   2.37216333333333       0.890811250000000      -0.596095819203094     
   2.37216333333333        1.18708166666667      -0.542817224739134     
   2.37216333333333        1.48335208333333      -0.489918622987073     
   2.37216333333333        1.77962250000000      -0.441597159037043     
   2.37216333333333        2.07589291666667      -0.399607970931095     
   2.37216333333333        2.37216333333333      -0.364032948461227     
   2.37216333333333        2.66843375000000      -0.334587132059875     
   2.37216333333333        2.96470416666667      -0.310518287014455     
   2.37216333333333        3.26097458333333      -0.289964448745505     
   2.37216333333333        3.55724500000000      -0.270213257649699     
   2.37216333333333        3.85351541666667      -0.250685903290438     
   2.37216333333333        4.14978583333333      -0.233149835258914     
   2.37216333333333        4.44605625000000      -0.218192625295099     
   2.37216333333333        4.74232666666667      -0.205127419160894     
   2.37216333333333        5.03859708333333      -0.193529316341617     
   2.37216333333333        5.33486750000000      -0.183337944957433     
   2.37216333333333        5.63113791666667      -0.174432133715917     
   2.37216333333333        5.92740833333333      -0.166578687403163     
   2.37216333333333        6.22367875000000      -0.159706951861550     
   2.37216333333333        6.51994916666667      -0.153662739076861     
   2.37216333333333        6.81621958333333      -0.148235102282132     
   2.37216333333333        7.11249000000000      -0.143227651982078     
   2.66843375000000       2.000000000000000E-003 -0.624198422024171     
   2.66843375000000       0.298270416666667      -0.615179391668916     
   2.66843375000000       0.594540833333333      -0.589818459990726     
   2.66843375000000       0.890811250000000      -0.552498558256527     
   2.66843375000000        1.18708166666667      -0.508777386174254     
   2.66843375000000        1.48335208333333      -0.464025504087128     
   2.66843375000000        1.77962250000000      -0.422350629142309     
   2.66843375000000        2.07589291666667      -0.385376075440964     
   2.66843375000000        2.37216333333333      -0.353536148689272     
   2.66843375000000        2.66843375000000      -0.326908775591560     
   2.66843375000000        2.96470416666667      -0.305355934662336     
   2.66843375000000        3.26097458333333      -0.287503095864879     
   2.66843375000000        3.55724500000000      -0.268906666794264     
   2.66843375000000        3.85351541666667      -0.248913906948127     
   2.66843375000000        4.14978583333333      -0.232300007967595     
   2.66843375000000        4.44605625000000      -0.218563192128362     
   2.66843375000000        4.74232666666667      -0.205830612710300     
   2.66843375000000        5.03859708333333      -0.194024397093728     
   2.66843375000000        5.33486750000000      -0.183497602327443     
   2.66843375000000        5.63113791666667      -0.174320774233899     
   2.66843375000000        5.92740833333333      -0.166288003934450     
   2.66843375000000        6.22367875000000      -0.159278737597262     
   2.66843375000000        6.51994916666667      -0.153139074454930     
   2.66843375000000        6.81621958333333      -0.147657843216163     
   2.66843375000000        7.11249000000000      -0.142634548639796     
   2.96470416666667       2.000000000000000E-003 -0.562757574579789     
   2.96470416666667       0.298270416666667      -0.555688823424246     
   2.96470416666667       0.594540833333333      -0.535658000540196     
   2.96470416666667       0.890811250000000      -0.505755369460218     
   2.96470416666667        1.18708166666667      -0.470220687526784     
   2.96470416666667        1.48335208333333      -0.433576258616558     
   2.96470416666667        1.77962250000000      -0.399136282779533     
   2.96470416666667        2.07589291666667      -0.368273060498675     
   2.96470416666667        2.37216333333333      -0.341472144479310     
   2.96470416666667        2.66843375000000      -0.318570176324562     
   2.96470416666667        2.96470416666667      -0.299137972597719     
   2.96470416666667        3.26097458333333      -0.283477190977720     
   2.96470416666667        3.55724500000000      -0.266664367484321     
   2.96470416666667        3.85351541666667      -0.246403828374992     
   2.96470416666667        4.14978583333333      -0.232773979916760     
   2.96470416666667        4.44605625000000      -0.220201707676593     
   2.96470416666667        4.74232666666667      -0.206931539839563     
   2.96470416666667        5.03859708333333      -0.194423025521976     
   2.96470416666667        5.33486750000000      -0.183437592227240     
   2.96470416666667        5.63113791666667      -0.173987249290938     
   2.96470416666667        5.92740833333333      -0.165808292427846     
   2.96470416666667        6.22367875000000      -0.158738925407329     
   2.96470416666667        6.51994916666667      -0.152569844894490     
   2.96470416666667        6.81621958333333      -0.147072262363735     
   2.96470416666667        7.11249000000000      -0.142042040831002     
   3.26097458333333       2.000000000000000E-003 -0.502506473697487     
   3.26097458333333       0.298270416666667      -0.496983621017578     
   3.26097458333333       0.594540833333333      -0.481364974056534     
   3.26097458333333       0.890811250000000      -0.457997644309485     
   3.26097458333333        1.18708166666667      -0.430161079857790     
   3.26097458333333        1.48335208333333      -0.401466158016133     
   3.26097458333333        1.77962250000000      -0.374522470147122     
   3.26097458333333        2.07589291666667      -0.350476810270626     
   3.26097458333333        2.37216333333333      -0.330061238284419     
   3.26097458333333        2.66843375000000      -0.313020533266637     
   3.26097458333333        2.96470416666667      -0.296724877810415     
   3.26097458333333        3.26097458333333      -0.278710173610588     
   3.26097458333333        3.55724500000000      -0.264302032007540     
   3.26097458333333        3.85351541666667      -0.247323616892740     
   3.26097458333333        4.14978583333333      -0.236273441249618     
   3.26097458333333        4.44605625000000      -0.221640118318558     
   3.26097458333333        4.74232666666667      -0.206769283625153     
   3.26097458333333        5.03859708333333      -0.193641623166231     
   3.26097458333333        5.33486750000000      -0.182514438642350     
   3.26097458333333        5.63113791666667      -0.173074388230396     
   3.26097458333333        5.92740833333333      -0.164920872338722     
   3.26097458333333        6.22367875000000      -0.157924160002323     
   3.26097458333333        6.51994916666667      -0.151820441352825     
   3.26097458333333        6.81621958333333      -0.146361725701567     
   3.26097458333333        7.11249000000000      -0.141348009364210     
   3.55724500000000       2.000000000000000E-003 -0.446466144552109     
   3.55724500000000       0.298270416666667      -0.442293981819501     
   3.55724500000000       0.594540833333333      -0.430562163414204     
   3.55724500000000       0.890811250000000      -0.413037106952635     
   3.55724500000000        1.18708166666667      -0.392161110573736     
   3.55724500000000        1.48335208333333      -0.370678482579683     
   3.55724500000000        1.77962250000000      -0.350496905990018     
   3.55724500000000        2.07589291666667      -0.332749194155873     
   3.55724500000000        2.37216333333333      -0.318377365389668     
   3.55724500000000        2.66843375000000      -0.307589311734106     
   3.55724500000000        2.96470416666667      -0.297271425638584     
   3.55724500000000        3.26097458333333      -0.278135422157172     
   3.55724500000000        3.55724500000000      -0.256747564058514     
   3.55724500000000        3.85351541666667      -0.245094852053734     
   3.55724500000000        4.14978583333333      -0.231172247489272     
   3.55724500000000        4.44605625000000      -0.216242634710830     
   3.55724500000000        4.74232666666667      -0.202452120148686     
   3.55724500000000        5.03859708333333      -0.190418388482504     
   3.55724500000000        5.33486750000000      -0.180106566719264     
   3.55724500000000        5.63113791666667      -0.171234075730851     
   3.55724500000000        5.92740833333333      -0.163432182766745     
   3.55724500000000        6.22367875000000      -0.156692919518796     
   3.55724500000000        6.51994916666667      -0.150766662188019     
   3.55724500000000        6.81621958333333      -0.145412902111982     
   3.55724500000000        7.11249000000000      -0.140452275774468     
   3.85351541666667       2.000000000000000E-003 -0.398109213827999     
   3.85351541666667       0.298270416666667      -0.395089936716664     
   3.85351541666667       0.594540833333333      -0.386605540774426     
   3.85351541666667       0.890811250000000      -0.373892253107406     
   3.85351541666667        1.18708166666667      -0.358668811468315     
   3.85351541666667        1.48335208333333      -0.342885359014791     
   3.85351541666667        1.77962250000000      -0.327920493988193     
   3.85351541666667        2.07589291666667      -0.314555933895497     
   3.85351541666667        2.37216333333333      -0.303351298048645     
   3.85351541666667        2.66843375000000      -0.293578350015203     
   3.85351541666667        2.96470416666667      -0.281326379636906     
   3.85351541666667        3.26097458333333      -0.263099420788832     
   3.85351541666667        3.55724500000000      -0.251409037933856     
   3.85351541666667        3.85351541666667      -0.231745315729184     
   3.85351541666667        4.14978583333333      -0.215311829351858     
   3.85351541666667        4.44605625000000      -0.204458317467683     
   3.85351541666667        4.74232666666667      -0.194472521425857     
   3.85351541666667        5.03859708333333      -0.184980396489884     
   3.85351541666667        5.33486750000000      -0.176291795748119     
   3.85351541666667        5.63113791666667      -0.168438593492047     
   3.85351541666667        5.92740833333333      -0.161303049461909     
   3.85351541666667        6.22367875000000      -0.154993742945994     
   3.85351541666667        6.51994916666667      -0.149342658027573     
   3.85351541666667        6.81621958333333      -0.144153538503596     
   3.85351541666667        7.11249000000000      -0.139286978358002     
   4.14978583333333       2.000000000000000E-003 -0.358881154076114     
   4.14978583333333       0.298270416666667      -0.356726432019469     
   4.14978583333333       0.594540833333333      -0.350641051221664     
   4.14978583333333       0.890811250000000      -0.341428318980835     
   4.14978583333333        1.18708166666667      -0.330232741961217     
   4.14978583333333        1.48335208333333      -0.318378249039824     
   4.14978583333333        1.77962250000000      -0.306763610073384     
   4.14978583333333        2.07589291666667      -0.295766979760479     
   4.14978583333333        2.37216333333333      -0.285330725287044     
   4.14978583333333        2.66843375000000      -0.274167427724165     
   4.14978583333333        2.96470416666667      -0.260332720271271     
   4.14978583333333        3.26097458333333      -0.247704726971703     
   4.14978583333333        3.55724500000000      -0.242615508164011     
   4.14978583333333        3.85351541666667      -0.227103348529460     
   4.14978583333333        4.14978583333333      -0.207673995677487     
   4.14978583333333        4.44605625000000      -0.195388763755037     
   4.14978583333333        4.74232666666667      -0.186667999931148     
   4.14978583333333        5.03859708333333      -0.178973523828573     
   4.14978583333333        5.33486750000000      -0.171789918037509     
   4.14978583333333        5.63113791666667      -0.165039676804497     
   4.14978583333333        5.92740833333333      -0.158685423943226     
   4.14978583333333        6.22367875000000      -0.152888286418961     
   4.14978583333333        6.51994916666667      -0.147564621701943     
   4.14978583333333        6.81621958333333      -0.142577873639027     
   4.14978583333333        7.11249000000000      -0.137840924808572     
   4.44605625000000       2.000000000000000E-003 -0.327742880252432     
   4.44605625000000       0.298270416666667      -0.326141008392453     
   4.44605625000000       0.594540833333333      -0.321589362032564     
   4.44605625000000       0.890811250000000      -0.314607600963084     
   4.44605625000000        1.18708166666667      -0.305947198564441     
   4.44605625000000        1.48335208333333      -0.296472701147395     
   4.44605625000000        1.77962250000000      -0.286845721894107     
   4.44605625000000        2.07589291666667      -0.277136776704066     
   4.44605625000000        2.37216333333333      -0.267180912906650     
   4.44605625000000        2.66843375000000      -0.256414362054049     
   4.44605625000000        2.96470416666667      -0.245053248065094     
   4.44605625000000        3.26097458333333      -0.236102227759915     
   4.44605625000000        3.55724500000000      -0.229642404360125     
   4.44605625000000        3.85351541666667      -0.217731216248002     
   4.44605625000000        4.14978583333333      -0.202027462325969     
   4.44605625000000        4.44605625000000      -0.189545797302435     
   4.44605625000000        4.74232666666667      -0.180671220275563     
   4.44605625000000        5.03859708333333      -0.173614777559943     
   4.44605625000000        5.33486750000000      -0.167362626998929     
   4.44605625000000        5.63113791666667      -0.161472320483986     
   4.44605625000000        5.92740833333333      -0.155819826841284     
   4.44605625000000        6.22367875000000      -0.150514693718054     
   4.44605625000000        6.51994916666667      -0.145517904696593     
   4.44605625000000        6.81621958333333      -0.140742691378080     
   4.44605625000000        7.11249000000000      -0.136158655432477     
   4.74232666666667       2.000000000000000E-003 -0.302442955231211     
   4.74232666666667       0.298270416666667      -0.301145145373498     
   4.74232666666667       0.594540833333333      -0.297451421108769     
   4.74232666666667       0.890811250000000      -0.291743845934254     
   4.74232666666667        1.18708166666667      -0.284561549740153     
   4.74232666666667        1.48335208333333      -0.276502710262665     
   4.74232666666667        1.77962250000000      -0.268091725246773     
   4.74232666666667        2.07589291666667      -0.259398837064545     
   4.74232666666667        2.37216333333333      -0.250375432194951     
   4.74232666666667        2.66843375000000      -0.241041221378035     
   4.74232666666667        2.96470416666667      -0.231939646667624     
   4.74232666666667        3.26097458333333      -0.224098724931204     
   4.74232666666667        3.55724500000000      -0.216634889065791     
   4.74232666666667        3.85351541666667      -0.206732575517787     
   4.74232666666667        4.14978583333333      -0.194863037562194     
   4.74232666666667        4.44605625000000      -0.184124149282152     
   4.74232666666667        4.74232666666667      -0.175705845623957     
   4.74232666666667        5.03859708333333      -0.169038811873179     
   4.74232666666667        5.33486750000000      -0.163339376247745     
   4.74232666666667        5.63113791666667      -0.158026145106012     
   4.74232666666667        5.92740833333333      -0.152909900024365     
   4.74232666666667        6.22367875000000      -0.148027943642351     
   4.74232666666667        6.51994916666667      -0.143320462631377     
   4.74232666666667        6.81621958333333      -0.138737315966945     
   4.74232666666667        7.11249000000000      -0.134310722094551     
   5.03859708333333       2.000000000000000E-003 -0.281235878654994     
   5.03859708333333       0.298270416666667      -0.280058028278048     
   5.03859708333333       0.594540833333333      -0.276758136770131     
   5.03859708333333       0.890811250000000      -0.271704146170716     
   5.03859708333333        1.18708166666667      -0.265384100216894     
   5.03859708333333        1.48335208333333      -0.258272882135447     
   5.03859708333333        1.77962250000000      -0.250767503653986     
   5.03859708333333        2.07589291666667      -0.243086105420914     
   5.03859708333333        2.37216333333333      -0.235218398914957     
   5.03859708333333        2.66843375000000      -0.227319963947608     
   5.03859708333333        2.96470416666667      -0.219686906360131     
   5.03859708333333        3.26097458333333      -0.212491550895371     
   5.03859708333333        3.55724500000000      -0.205135492127444     
   5.03859708333333        3.85351541666667      -0.196670947143742     
   5.03859708333333        4.14978583333333      -0.187359776324851     
   5.03859708333333        4.44605625000000      -0.178536669087986     
   5.03859708333333        4.74232666666667      -0.171078507490983     
   5.03859708333333        5.03859708333333      -0.164950800693178     
   5.03859708333333        5.33486750000000      -0.159676519124613     
   5.03859708333333        5.63113791666667      -0.154757256558941     
   5.03859708333333        5.92740833333333      -0.150086744945708     
   5.03859708333333        6.22367875000000      -0.145567653509733     
   5.03859708333333        6.51994916666667      -0.141093217668590     
   5.03859708333333        6.81621958333333      -0.136644263370574     
   5.03859708333333        7.11249000000000      -0.132349475392943     
   5.33486750000000       2.000000000000000E-003 -0.263253527975864     
   5.33486750000000       0.298270416666667      -0.262126229744132     
   5.33486750000000       0.594540833333333      -0.258982068371910     
   5.33486750000000       0.890811250000000      -0.254250290390742     
   5.33486750000000        1.18708166666667      -0.248446980677772     
   5.33486750000000        1.48335208333333      -0.242044933908066     
   5.33486750000000        1.77962250000000      -0.235381289709700     
   5.33486750000000        2.07589291666667      -0.228634750663712     
   5.33486750000000        2.37216333333333      -0.221868951738896     
   5.33486750000000        2.66843375000000      -0.215143984636376     
   5.33486750000000        2.96470416666667      -0.208550989593542     
   5.33486750000000        3.26097458333333      -0.202027975904264     
   5.33486750000000        3.55724500000000      -0.195262694107826     
   5.33486750000000        3.85351541666667      -0.187959746457356     
   5.33486750000000        4.14978583333333      -0.180337227547516     
   5.33486750000000        4.44605625000000      -0.173042893729543     
   5.33486750000000        4.74232666666667      -0.166598127114759     
   5.33486750000000        5.03859708333333      -0.161067761378132     
   5.33486750000000        5.33486750000000      -0.156156379698880     
   5.33486750000000        5.63113791666667      -0.151672304859876     
   5.33486750000000        5.92740833333333      -0.147440101810672     
   5.33486750000000        6.22367875000000      -0.143214455327686     
   5.33486750000000        6.51994916666667      -0.138874299302880     
   5.33486750000000        6.81621958333333      -0.134497856346736     
   5.33486750000000        7.11249000000000      -0.130334866492804     
   5.63113791666667       2.000000000000000E-003 -0.247801448605064     
   5.63113791666667       0.298270416666667      -0.246706457225224     
   5.63113791666667       0.594540833333333      -0.243720588979896     
   5.63113791666667       0.890811250000000      -0.239259948773116     
   5.63113791666667        1.18708166666667      -0.233877162320234     
   5.63113791666667        1.48335208333333      -0.228071465556306     
   5.63113791666667        1.77962250000000      -0.222137392525818     
   5.63113791666667        2.07589291666667      -0.216229456086485     
   5.63113791666667        2.37216333333333      -0.210372528302011     
   5.63113791666667        2.66843375000000      -0.204548852336069     
   5.63113791666667        2.96470416666667      -0.198721805319360     
   5.63113791666667        3.26097458333333      -0.192837965951639     
   5.63113791666667        3.55724500000000      -0.186744392290133     
   5.63113791666667        3.85351541666667      -0.180387058410568     
   5.63113791666667        4.14978583333333      -0.173939329162776     
   5.63113791666667        4.44605625000000      -0.167772726459412     
   5.63113791666667        4.74232666666667      -0.162158999004429     
   5.63113791666667        5.03859708333333      -0.157178995603853     
   5.63113791666667        5.33486750000000      -0.152765579671452     
   5.63113791666667        5.63113791666667      -0.148774133233995     
   5.63113791666667        5.92740833333333      -0.144926627379369     
   5.63113791666667        6.22367875000000      -0.140951309109292     
   5.63113791666667        6.51994916666667      -0.136692130051993     
   5.63113791666667        6.81621958333333      -0.132310018264222     
   5.63113791666667        7.11249000000000      -0.128267853052440     
   5.92740833333333       2.000000000000000E-003 -0.234367829304056     
   5.92740833333333       0.298270416666667      -0.233367738759894     
   5.92740833333333       0.594540833333333      -0.230632721048356     
   5.92740833333333       0.890811250000000      -0.226417255843469     
   5.92740833333333        1.18708166666667      -0.221381881497434     
   5.92740833333333        1.48335208333333      -0.216087768623129     
   5.92740833333333        1.77962250000000      -0.210785426870831     
   5.92740833333333        2.07589291666667      -0.205540277282013     
   5.92740833333333        2.37216333333333      -0.200364341119770     
   5.92740833333333        2.66843375000000      -0.195214093670009     
   5.92740833333333        2.96470416666667      -0.190024439198885     
   5.92740833333333        3.26097458333333      -0.184719500918224     
   5.92740833333333        3.55724500000000      -0.179248069325207     
   5.92740833333333        3.85351541666667      -0.173641658632202     
   5.92740833333333        4.14978583333333      -0.168053525907930     
   5.92740833333333        4.44605625000000      -0.162711427629088     
   5.92740833333333        4.74232666666667      -0.157806038528661     
   5.92740833333333        5.03859708333333      -0.153416876320577     
   5.92740833333333        5.33486750000000      -0.149521793844330     
   5.92740833333333        5.63113791666667      -0.145969932839017     
   5.92740833333333        5.92740833333333      -0.142515691597963     
   5.92740833333333        6.22367875000000      -0.138835444824211     
   5.92740833333333        6.51994916666667      -0.134639441090856     
   5.92740833333333        6.81621958333333      -0.130109725129715     
   5.92740833333333        7.11249000000000      -0.126144212078775     
   6.22367875000000       2.000000000000000E-003 -0.222481552749697     
   6.22367875000000       0.298270416666667      -0.221728418150515     
   6.22367875000000       0.594540833333333      -0.219330074473593     
   6.22367875000000       0.890811250000000      -0.215225173097388     
   6.22367875000000        1.18708166666667      -0.210388628514233     
   6.22367875000000        1.48335208333333      -0.205490797844089     
   6.22367875000000        1.77962250000000      -0.200707883614524     
   6.22367875000000        2.07589291666667      -0.196007457188690     
   6.22367875000000        2.37216333333333      -0.191356467358970     
   6.22367875000000        2.66843375000000      -0.186726350708787     
   6.22367875000000        2.96470416666667      -0.182067301593229     
   6.22367875000000        3.26097458333333      -0.177321235907384     
   6.22367875000000        3.55724500000000      -0.172462390985868     
   6.22367875000000        3.85351541666667      -0.167536426395819     
   6.22367875000000        4.14978583333333      -0.162667975202018     
   6.22367875000000        4.44605625000000      -0.158019390805595     
   6.22367875000000        4.74232666666667      -0.153722248393403     
   6.22367875000000        5.03859708333333      -0.149835055406171     
   6.22367875000000        5.33486750000000      -0.146346437439195     
   6.22367875000000        5.63113791666667      -0.143164600103815     
   6.22367875000000        5.92740833333333      -0.140110998341882     
   6.22367875000000        6.22367875000000      -0.136849489524766     
   6.22367875000000        6.51994916666667      -0.132857500642576     
   6.22367875000000        6.81621958333333      -0.128043891222076     
   6.22367875000000        7.11249000000000      -0.124039469610288     
   6.51994916666667       2.000000000000000E-003 -0.212261642425921     
   6.51994916666667       0.298270416666667      -0.211819734827402     
   6.51994916666667       0.594540833333333      -0.209324096744420     
   6.51994916666667       0.890811250000000      -0.204944716762486     
   6.51994916666667        1.18708166666667      -0.200225123294072     
   6.51994916666667        1.48335208333333      -0.195697612388365     
   6.51994916666667        1.77962250000000      -0.191369760837003     
   6.51994916666667        2.07589291666667      -0.187155734114350     
   6.51994916666667        2.37216333333333      -0.182995736606762     
   6.51994916666667        2.66843375000000      -0.178859295352336     
   6.51994916666667        2.96470416666667      -0.174728390783148     
   6.51994916666667        3.26097458333333      -0.170556822118218     
   6.51994916666667        3.55724500000000      -0.166315820103299     
   6.51994916666667        3.85351541666667      -0.162031419014611     
   6.51994916666667        4.14978583333333      -0.157790839976078     
   6.51994916666667        4.44605625000000      -0.153710023014368     
   6.51994916666667        4.74232666666667      -0.149883426090267     
   6.51994916666667        5.03859708333333      -0.146355609333247     
   6.51994916666667        5.33486750000000      -0.143134669245017     
   6.51994916666667        5.63113791666667      -0.140190292235749     
   6.51994916666667        5.92740833333333      -0.137437220900803     
   6.51994916666667        6.22367875000000      -0.134672590577934     
   6.51994916666667        6.51994916666667      -0.131384074458267     
   6.51994916666667        6.81621958333333      -0.126696448487113     
   6.51994916666667        7.11249000000000      -0.122466406435233     
   6.81621958333333       2.000000000000000E-003 -0.204372951121041     
   6.81621958333333       0.298270416666667      -0.203307154176502     
   6.81621958333333       0.594540833333333      -0.199350949633042     
   6.81621958333333       0.890811250000000      -0.194762099112144     
   6.81621958333333        1.18708166666667      -0.190482168493950     
   6.81621958333333        1.48335208333333      -0.186455015338648     
   6.81621958333333        1.77962250000000      -0.182588425980068     
   6.81621958333333        2.07589291666667      -0.178843984681945     
   6.81621958333333        2.37216333333333      -0.175187820285453     
   6.81621958333333        2.66843375000000      -0.171570344078432     
   6.81621958333333        2.96470416666667      -0.167987029955652     
   6.81621958333333        3.26097458333333      -0.164390142400850     
   6.81621958333333        3.55724500000000      -0.160732790482706     
   6.81621958333333        3.85351541666667      -0.157012379678615     
   6.81621958333333        4.14978583333333      -0.153284296560927     
   6.81621958333333        4.44605625000000      -0.149636815985665     
   6.81621958333333        4.74232666666667      -0.146148417122353     
   6.81621958333333        5.03859708333333      -0.142861412571507     
   6.81621958333333        5.33486750000000      -0.139801932094159     
   6.81621958333333        5.63113791666667      -0.136952676147679     
   6.81621958333333        5.92740833333333      -0.134252215811976     
   6.81621958333333        6.22367875000000      -0.131658008455466     
   6.81621958333333        6.51994916666667      -0.129273104753006     
   6.81621958333333        6.81621958333333      -0.126658822848508     
   6.81621958333333        7.11249000000000      -0.122581428037120     
   7.11249000000000       2.000000000000000E-003 -0.193666465395513     
   7.11249000000000       0.298270416666667      -0.192712220247463     
   7.11249000000000       0.594540833333333      -0.188705684604767     
   7.11249000000000       0.890811250000000      -0.184954733991200     
   7.11249000000000        1.18708166666667      -0.181424620588354     
   7.11249000000000        1.48335208333333      -0.177927997337018     
   7.11249000000000        1.77962250000000      -0.174497062852319     
   7.11249000000000        2.07589291666667      -0.171187826649520     
   7.11249000000000        2.37216333333333      -0.168023639393425     
   7.11249000000000        2.66843375000000      -0.164912590967398     
   7.11249000000000        2.96470416666667      -0.161841357508978     
   7.11249000000000        3.26097458333333      -0.158751058273889     
   7.11249000000000        3.55724500000000      -0.155577315966557     
   7.11249000000000        3.85351541666667      -0.152298260056272     
   7.11249000000000        4.14978583333333      -0.148953748341634     
   7.11249000000000        4.44605625000000      -0.145624155891437     
   7.11249000000000        4.74232666666667      -0.142389051280665     
   7.11249000000000        5.03859708333333      -0.139296464462728     
   7.11249000000000        5.33486750000000      -0.136380022582480     
   7.11249000000000        5.63113791666667      -0.133606726849400     
   7.11249000000000        5.92740833333333      -0.130885670962950     
   7.11249000000000        6.22367875000000      -0.128145486882465     
   7.11249000000000        6.51994916666667      -0.125710100480870     
   7.11249000000000        6.81621958333333      -0.124482363766465     
   7.11249000000000        7.11249000000000      -0.122438557387156     
